,Unnamed: 0,ORDEN,NOMBRE REGIÓN,CÓDIGO REGIÓN,EDAD,TOTAL POBLACIÓN EFECTIVAMENTE CENSADA,HOMBRES ,MUJERES,TOTAL ÁREA URBANA,HOMBRES ÁREA URBANA ,MUJERES ÁREA URBANA,TOTAL ÁREA RURAL,HOMBRES ÁREA RURAL,MUJERES ÁREA RURAL,NOMBRE COMUNA,NOMBRE PROVINCIA,CÓDIGO PROVINCIA,CÓDIGO COMUNA
714,,714,METROPOLITANA DE SANTIAGO,13,Total Región,7112808,3462267,3650541,6849310,3325682,3523628,263498,136585,126913,Todas las comunas,,,
715,,715,METROPOLITANA DE SANTIAGO,13,0,87709,44704,43005,84671,43156,41515,3038,1548,1490,Todas las comunas,,,
716,,716,METROPOLITANA DE SANTIAGO,13,1,95768,48813,46955,92193,46999,45194,3575,1814,1761,Todas las comunas,,,
717,,717,METROPOLITANA DE SANTIAGO,13,2,96222,48908,47314,92418,46980,45438,3804,1928,1876,Todas las comunas,,,
718,,718,METROPOLITANA DE SANTIAGO,13,3,93488,47746,45742,89922,45929,43993,3566,1817,1749,Todas las comunas,,,
719,,719,METROPOLITANA DE SANTIAGO,13,4,94456,48030,46426,90665,46068,44597,3791,1962,1829,Todas las comunas,,,
720,,720,METROPOLITANA DE SANTIAGO,13,5,93640,47966,45674,89764,45993,43771,3876,1973,1903,Todas las comunas,,,
721,,721,METROPOLITANA DE SANTIAGO,13,6,96207,49315,46892,92297,47336,44961,3910,1979,1931,Todas las comunas,,,
722,,722,METROPOLITANA DE SANTIAGO,13,7,95406,48776,46630,91507,46751,44756,3899,2025,1874,Todas las comunas,,,
723,,723,METROPOLITANA DE SANTIAGO,13,8,93331,47721,45610,89480,45745,43735,3851,1976,1875,Todas las comunas,,,
724,,724,METROPOLITANA DE SANTIAGO,13,9,91205,46577,44628,87384,44593,42791,3821,1984,1837,Todas las comunas,,,
725,,725,METROPOLITANA DE SANTIAGO,13,10,88630,45049,43581,84932,43172,41760,3698,1877,1821,Todas las comunas,,,
726,,726,METROPOLITANA DE SANTIAGO,13,11,87239,44573,42666,83504,42610,40894,3735,1963,1772,Todas las comunas,,,
727,,727,METROPOLITANA DE SANTIAGO,13,12,86371,44078,42293,82620,42158,40462,3751,1920,1831,Todas las comunas,,,
728,,728,METROPOLITANA DE SANTIAGO,13,13,87557,44675,42882,83756,42742,41014,3801,1933,1868,Todas las comunas,,,
729,,729,METROPOLITANA DE SANTIAGO,13,14,90497,46266,44231,86648,44238,42410,3849,2028,1821,Todas las comunas,,,
730,,730,METROPOLITANA DE SANTIAGO,13,15,92662,47204,45458,88770,45172,43598,3892,2032,1860,Todas las comunas,,,
731,,731,METROPOLITANA DE SANTIAGO,13,16,95866,48939,46927,91831,46869,44962,4035,2070,1965,Todas las comunas,,,
732,,732,METROPOLITANA DE SANTIAGO,13,17,95962,48882,47080,92003,46761,45242,3959,2121,1838,Todas las comunas,,,
733,,733,METROPOLITANA DE SANTIAGO,13,18,101781,51008,50773,98060,49066,48994,3721,1942,1779,Todas las comunas,,,
734,,734,METROPOLITANA DE SANTIAGO,13,19,106653,53863,52790,102864,51839,51025,3789,2024,1765,Todas las comunas,,,
735,,735,METROPOLITANA DE SANTIAGO,13,20,112313,57169,55144,108429,55154,53275,3884,2015,1869,Todas las comunas,,,
736,,736,METROPOLITANA DE SANTIAGO,13,21,115653,59091,56562,111838,57143,54695,3815,1948,1867,Todas las comunas,,,
737,,737,METROPOLITANA DE SANTIAGO,13,22,120778,61354,59424,116868,59351,57517,3910,2003,1907,Todas las comunas,,,
738,,738,METROPOLITANA DE SANTIAGO,13,23,121794,62009,59785,117974,59997,57977,3820,2012,1808,Todas las comunas,,,
739,,739,METROPOLITANA DE SANTIAGO,13,24,125183,64118,61065,121255,62031,59224,3928,2087,1841,Todas las comunas,,,
740,,740,METROPOLITANA DE SANTIAGO,13,25,126840,64508,62332,123063,62543,60520,3777,1965,1812,Todas las comunas,,,
741,,741,METROPOLITANA DE SANTIAGO,13,26,131004,66944,64060,127097,64842,62255,3907,2102,1805,Todas las comunas,,,
742,,742,METROPOLITANA DE SANTIAGO,13,27,132714,67778,64936,128830,65778,63052,3884,2000,1884,Todas las comunas,,,
743,,743,METROPOLITANA DE SANTIAGO,13,28,129158,65705,63453,125498,63806,61692,3660,1899,1761,Todas las comunas,,,
744,,744,METROPOLITANA DE SANTIAGO,13,29,123146,62601,60545,119635,60818,58817,3511,1783,1728,Todas las comunas,,,
745,,745,METROPOLITANA DE SANTIAGO,13,30,118935,60451,58484,115580,58708,56872,3355,1743,1612,Todas las comunas,,,
746,,746,METROPOLITANA DE SANTIAGO,13,31,113381,57417,55964,110033,55632,54401,3348,1785,1563,Todas las comunas,,,
747,,747,METROPOLITANA DE SANTIAGO,13,32,110311,55958,54353,107060,54285,52775,3251,1673,1578,Todas las comunas,,,
748,,748,METROPOLITANA DE SANTIAGO,13,33,106502,53912,52590,103251,52254,50997,3251,1658,1593,Todas las comunas,,,
749,,749,METROPOLITANA DE SANTIAGO,13,34,110194,55443,54751,106775,53729,53046,3419,1714,1705,Todas las comunas,,,
750,,750,METROPOLITANA DE SANTIAGO,13,35,113096,56631,56465,109338,54705,54633,3758,1926,1832,Todas las comunas,,,
751,,751,METROPOLITANA DE SANTIAGO,13,36,103840,52027,51813,100342,50253,50089,3498,1774,1724,Todas las comunas,,,
752,,752,METROPOLITANA DE SANTIAGO,13,37,101374,50296,51078,97796,48434,49362,3578,1862,1716,Todas las comunas,,,
753,,753,METROPOLITANA DE SANTIAGO,13,38,95969,47552,48417,92386,45718,46668,3583,1834,1749,Todas las comunas,,,
754,,754,METROPOLITANA DE SANTIAGO,13,39,92849,45733,47116,89171,43873,45298,3678,1860,1818,Todas las comunas,,,
755,,755,METROPOLITANA DE SANTIAGO,13,40,93426,46063,47363,89815,44207,45608,3611,1856,1755,Todas las comunas,,,
756,,756,METROPOLITANA DE SANTIAGO,13,41,96135,47292,48843,92303,45315,46988,3832,1977,1855,Todas las comunas,,,
757,,757,METROPOLITANA DE SANTIAGO,13,42,99232,48433,50799,95251,46459,48792,3981,1974,2007,Todas las comunas,,,
758,,758,METROPOLITANA DE SANTIAGO,13,43,101048,49503,51545,96950,47415,49535,4098,2088,2010,Todas las comunas,,,
759,,759,METROPOLITANA DE SANTIAGO,13,44,98782,48029,50753,94763,45941,48822,4019,2088,1931,Todas las comunas,,,
760,,760,METROPOLITANA DE SANTIAGO,13,45,97738,47206,50532,93732,45108,48624,4006,2098,1908,Todas las comunas,,,
761,,761,METROPOLITANA DE SANTIAGO,13,46,93017,45033,47984,89203,43031,46172,3814,2002,1812,Todas las comunas,,,
762,,762,METROPOLITANA DE SANTIAGO,13,47,89425,42856,46569,85610,40889,44721,3815,1967,1848,Todas las comunas,,,
763,,763,METROPOLITANA DE SANTIAGO,13,48,90700,43350,47350,86859,41395,45464,3841,1955,1886,Todas las comunas,,,
764,,764,METROPOLITANA DE SANTIAGO,13,49,91994,43955,48039,88077,41911,46166,3917,2044,1873,Todas las comunas,,,
765,,765,METROPOLITANA DE SANTIAGO,13,50,92467,43841,48626,88708,41884,46824,3759,1957,1802,Todas las comunas,,,
766,,766,METROPOLITANA DE SANTIAGO,13,51,93240,44020,49220,89329,41958,47371,3911,2062,1849,Todas las comunas,,,
767,,767,METROPOLITANA DE SANTIAGO,13,52,95965,45062,50903,91880,42930,48950,4085,2132,1953,Todas las comunas,,,
768,,768,METROPOLITANA DE SANTIAGO,13,53,93545,43897,49648,89759,41884,47875,3786,2013,1773,Todas las comunas,,,
769,,769,METROPOLITANA DE SANTIAGO,13,54,95661,44711,50950,91834,42682,49152,3827,2029,1798,Todas las comunas,,,
770,,770,METROPOLITANA DE SANTIAGO,13,55,89949,42019,47930,86381,40100,46281,3568,1919,1649,Todas las comunas,,,
771,,771,METROPOLITANA DE SANTIAGO,13,56,87817,40777,47040,84406,38951,45455,3411,1826,1585,Todas las comunas,,,
772,,772,METROPOLITANA DE SANTIAGO,13,57,82605,38482,44123,79380,36770,42610,3225,1712,1513,Todas las comunas,,,
773,,773,METROPOLITANA DE SANTIAGO,13,58,80693,37199,43494,77481,35491,41990,3212,1708,1504,Todas las comunas,,,
774,,774,METROPOLITANA DE SANTIAGO,13,59,77784,36118,41666,74726,34476,40250,3058,1642,1416,Todas las comunas,,,
775,,775,METROPOLITANA DE SANTIAGO,13,60,75312,34901,40411,72433,33332,39101,2879,1569,1310,Todas las comunas,,,
776,,776,METROPOLITANA DE SANTIAGO,13,61,68896,31459,37437,66224,30058,36166,2672,1401,1271,Todas las comunas,,,
777,,777,METROPOLITANA DE SANTIAGO,13,62,63906,28948,34958,61318,27578,33740,2588,1370,1218,Todas las comunas,,,
778,,778,METROPOLITANA DE SANTIAGO,13,63,62158,28279,33879,59805,27022,32783,2353,1257,1096,Todas las comunas,,,
779,,779,METROPOLITANA DE SANTIAGO,13,64,58252,26491,31761,56031,25340,30691,2221,1151,1070,Todas las comunas,,,
780,,780,METROPOLITANA DE SANTIAGO,13,65,54461,24762,29699,52280,23613,28667,2181,1149,1032,Todas las comunas,,,
781,,781,METROPOLITANA DE SANTIAGO,13,66,51474,23143,28331,49521,22103,27418,1953,1040,913,Todas las comunas,,,
782,,782,METROPOLITANA DE SANTIAGO,13,67,50434,22467,27967,48484,21441,27043,1950,1026,924,Todas las comunas,,,
783,,783,METROPOLITANA DE SANTIAGO,13,68,47831,21305,26526,46002,20320,25682,1829,985,844,Todas las comunas,,,
784,,784,METROPOLITANA DE SANTIAGO,13,69,46664,20582,26082,44917,19667,25250,1747,915,832,Todas las comunas,,,
785,,785,METROPOLITANA DE SANTIAGO,13,70,44286,19368,24918,42662,18508,24154,1624,860,764,Todas las comunas,,,
786,,786,METROPOLITANA DE SANTIAGO,13,71,41955,18232,23723,40346,17388,22958,1609,844,765,Todas las comunas,,,
787,,787,METROPOLITANA DE SANTIAGO,13,72,39709,17337,22372,38207,16544,21663,1502,793,709,Todas las comunas,,,
788,,788,METROPOLITANA DE SANTIAGO,13,73,36801,15749,21052,35406,14999,20407,1395,750,645,Todas las comunas,,,
789,,789,METROPOLITANA DE SANTIAGO,13,74,34847,14800,20047,33523,14084,19439,1324,716,608,Todas las comunas,,,
790,,790,METROPOLITANA DE SANTIAGO,13,75,32376,13537,18839,31257,12981,18276,1119,556,563,Todas las comunas,,,
791,,791,METROPOLITANA DE SANTIAGO,13,76,30135,12373,17762,29087,11856,17231,1048,517,531,Todas las comunas,,,
792,,792,METROPOLITANA DE SANTIAGO,13,77,27701,11145,16556,26719,10642,16077,982,503,479,Todas las comunas,,,
793,,793,METROPOLITANA DE SANTIAGO,13,78,24035,9680,14355,23200,9248,13952,835,432,403,Todas las comunas,,,
794,,794,METROPOLITANA DE SANTIAGO,13,79,22149,8678,13471,21328,8261,13067,821,417,404,Todas las comunas,,,
795,,795,METROPOLITANA DE SANTIAGO,13,80,20986,8185,12801,20281,7819,12462,705,366,339,Todas las comunas,,,
796,,796,METROPOLITANA DE SANTIAGO,13,81,19414,7182,12232,18726,6855,11871,688,327,361,Todas las comunas,,,
797,,797,METROPOLITANA DE SANTIAGO,13,82,17887,6525,11362,17245,6208,11037,642,317,325,Todas las comunas,,,
798,,798,METROPOLITANA DE SANTIAGO,13,83,16252,5881,10371,15670,5589,10081,582,292,290,Todas las comunas,,,
799,,799,METROPOLITANA DE SANTIAGO,13,84,15997,5621,10376,15485,5376,10109,512,245,267,Todas las comunas,,,
800,,800,METROPOLITANA DE SANTIAGO,13,85,14521,5056,9465,14083,4847,9236,438,209,229,Todas las comunas,,,
801,,801,METROPOLITANA DE SANTIAGO,13,86,14165,4553,9612,13691,4350,9341,474,203,271,Todas las comunas,,,
802,,802,METROPOLITANA DE SANTIAGO,13,87,12058,3883,8175,11681,3703,7978,377,180,197,Todas las comunas,,,
803,,803,METROPOLITANA DE SANTIAGO,13,88,10168,3094,7074,9850,2951,6899,318,143,175,Todas las comunas,,,
804,,804,METROPOLITANA DE SANTIAGO,13,89,9003,2740,6263,8730,2631,6099,273,109,164,Todas las comunas,,,
805,,805,METROPOLITANA DE SANTIAGO,13,90,7024,2073,4951,6831,2010,4821,193,63,130,Todas las comunas,,,
806,,806,METROPOLITANA DE SANTIAGO,13,91,5443,1466,3977,5278,1396,3882,165,70,95,Todas las comunas,,,
807,,807,METROPOLITANA DE SANTIAGO,13,92,4685,1302,3383,4551,1255,3296,134,47,87,Todas las comunas,,,
808,,808,METROPOLITANA DE SANTIAGO,13,93,3513,968,2545,3419,930,2489,94,38,56,Todas las comunas,,,
809,,809,METROPOLITANA DE SANTIAGO,13,94,2948,741,2207,2872,712,2160,76,29,47,Todas las comunas,,,
810,,810,METROPOLITANA DE SANTIAGO,13,95,2127,529,1598,2066,510,1556,61,19,42,Todas las comunas,,,
811,,811,METROPOLITANA DE SANTIAGO,13,96,1779,395,1384,1723,377,1346,56,18,38,Todas las comunas,,,
812,,812,METROPOLITANA DE SANTIAGO,13,97,1132,269,863,1099,257,842,33,12,21,Todas las comunas,,,
813,,813,METROPOLITANA DE SANTIAGO,13,98,826,176,650,805,169,636,21,7,14,Todas las comunas,,,
814,,814,METROPOLITANA DE SANTIAGO,13,99,620,136,484,606,130,476,14,6,8,Todas las comunas,,,
815,,815,METROPOLITANA DE SANTIAGO,13,100 o más,1971,620,1351,1913,594,1319,58,26,32,Todas las comunas,,,
8466,,8466,METROPOLITANA DE SANTIAGO,13,Total Comuna,404495,206678,197817,404495,206678,197817,0,0,0,SANTIAGO,SANTIAGO,131,13101
8467,,8467,METROPOLITANA DE SANTIAGO,13,0,4693,2363,2330,4693,2363,2330,0,0,0,SANTIAGO,SANTIAGO,131,13101
8468,,8468,METROPOLITANA DE SANTIAGO,13,1,4447,2235,2212,4447,2235,2212,0,0,0,SANTIAGO,SANTIAGO,131,13101
8469,,8469,METROPOLITANA DE SANTIAGO,13,2,4170,2145,2025,4170,2145,2025,0,0,0,SANTIAGO,SANTIAGO,131,13101
8470,,8470,METROPOLITANA DE SANTIAGO,13,3,3729,1899,1830,3729,1899,1830,0,0,0,SANTIAGO,SANTIAGO,131,13101
8471,,8471,METROPOLITANA DE SANTIAGO,13,4,3578,1794,1784,3578,1794,1784,0,0,0,SANTIAGO,SANTIAGO,131,13101
8472,,8472,METROPOLITANA DE SANTIAGO,13,5,3269,1627,1642,3269,1627,1642,0,0,0,SANTIAGO,SANTIAGO,131,13101
8473,,8473,METROPOLITANA DE SANTIAGO,13,6,3389,1711,1678,3389,1711,1678,0,0,0,SANTIAGO,SANTIAGO,131,13101
8474,,8474,METROPOLITANA DE SANTIAGO,13,7,3135,1546,1589,3135,1546,1589,0,0,0,SANTIAGO,SANTIAGO,131,13101
8475,,8475,METROPOLITANA DE SANTIAGO,13,8,3025,1536,1489,3025,1536,1489,0,0,0,SANTIAGO,SANTIAGO,131,13101
8476,,8476,METROPOLITANA DE SANTIAGO,13,9,2867,1461,1406,2867,1461,1406,0,0,0,SANTIAGO,SANTIAGO,131,13101
8477,,8477,METROPOLITANA DE SANTIAGO,13,10,2794,1420,1374,2794,1420,1374,0,0,0,SANTIAGO,SANTIAGO,131,13101
8478,,8478,METROPOLITANA DE SANTIAGO,13,11,2551,1308,1243,2551,1308,1243,0,0,0,SANTIAGO,SANTIAGO,131,13101
8479,,8479,METROPOLITANA DE SANTIAGO,13,12,2552,1300,1252,2552,1300,1252,0,0,0,SANTIAGO,SANTIAGO,131,13101
8480,,8480,METROPOLITANA DE SANTIAGO,13,13,2543,1295,1248,2543,1295,1248,0,0,0,SANTIAGO,SANTIAGO,131,13101
8481,,8481,METROPOLITANA DE SANTIAGO,13,14,2558,1352,1206,2558,1352,1206,0,0,0,SANTIAGO,SANTIAGO,131,13101
8482,,8482,METROPOLITANA DE SANTIAGO,13,15,2532,1309,1223,2532,1309,1223,0,0,0,SANTIAGO,SANTIAGO,131,13101
8483,,8483,METROPOLITANA DE SANTIAGO,13,16,2626,1363,1263,2626,1363,1263,0,0,0,SANTIAGO,SANTIAGO,131,13101
8484,,8484,METROPOLITANA DE SANTIAGO,13,17,2892,1460,1432,2892,1460,1432,0,0,0,SANTIAGO,SANTIAGO,131,13101
8485,,8485,METROPOLITANA DE SANTIAGO,13,18,4323,2181,2142,4323,2181,2142,0,0,0,SANTIAGO,SANTIAGO,131,13101
8486,,8486,METROPOLITANA DE SANTIAGO,13,19,5472,2791,2681,5472,2791,2681,0,0,0,SANTIAGO,SANTIAGO,131,13101
8487,,8487,METROPOLITANA DE SANTIAGO,13,20,6439,3300,3139,6439,3300,3139,0,0,0,SANTIAGO,SANTIAGO,131,13101
8488,,8488,METROPOLITANA DE SANTIAGO,13,21,7495,3996,3499,7495,3996,3499,0,0,0,SANTIAGO,SANTIAGO,131,13101
8489,,8489,METROPOLITANA DE SANTIAGO,13,22,8159,4363,3796,8159,4363,3796,0,0,0,SANTIAGO,SANTIAGO,131,13101
8490,,8490,METROPOLITANA DE SANTIAGO,13,23,9108,4778,4330,9108,4778,4330,0,0,0,SANTIAGO,SANTIAGO,131,13101
8491,,8491,METROPOLITANA DE SANTIAGO,13,24,10416,5519,4897,10416,5519,4897,0,0,0,SANTIAGO,SANTIAGO,131,13101
8492,,8492,METROPOLITANA DE SANTIAGO,13,25,11642,6089,5553,11642,6089,5553,0,0,0,SANTIAGO,SANTIAGO,131,13101
8493,,8493,METROPOLITANA DE SANTIAGO,13,26,13039,6727,6312,13039,6727,6312,0,0,0,SANTIAGO,SANTIAGO,131,13101
8494,,8494,METROPOLITANA DE SANTIAGO,13,27,14116,7498,6618,14116,7498,6618,0,0,0,SANTIAGO,SANTIAGO,131,13101
8495,,8495,METROPOLITANA DE SANTIAGO,13,28,14101,7584,6517,14101,7584,6517,0,0,0,SANTIAGO,SANTIAGO,131,13101
8496,,8496,METROPOLITANA DE SANTIAGO,13,29,13961,7480,6481,13961,7480,6481,0,0,0,SANTIAGO,SANTIAGO,131,13101
8497,,8497,METROPOLITANA DE SANTIAGO,13,30,13406,7334,6072,13406,7334,6072,0,0,0,SANTIAGO,SANTIAGO,131,13101
8498,,8498,METROPOLITANA DE SANTIAGO,13,31,12392,6724,5668,12392,6724,5668,0,0,0,SANTIAGO,SANTIAGO,131,13101
8499,,8499,METROPOLITANA DE SANTIAGO,13,32,11643,6458,5185,11643,6458,5185,0,0,0,SANTIAGO,SANTIAGO,131,13101
8500,,8500,METROPOLITANA DE SANTIAGO,13,33,10710,6029,4681,10710,6029,4681,0,0,0,SANTIAGO,SANTIAGO,131,13101
8501,,8501,METROPOLITANA DE SANTIAGO,13,34,10393,5721,4672,10393,5721,4672,0,0,0,SANTIAGO,SANTIAGO,131,13101
8502,,8502,METROPOLITANA DE SANTIAGO,13,35,9970,5495,4475,9970,5495,4475,0,0,0,SANTIAGO,SANTIAGO,131,13101
8503,,8503,METROPOLITANA DE SANTIAGO,13,36,8778,4856,3922,8778,4856,3922,0,0,0,SANTIAGO,SANTIAGO,131,13101
8504,,8504,METROPOLITANA DE SANTIAGO,13,37,8189,4510,3679,8189,4510,3679,0,0,0,SANTIAGO,SANTIAGO,131,13101
8505,,8505,METROPOLITANA DE SANTIAGO,13,38,7103,3841,3262,7103,3841,3262,0,0,0,SANTIAGO,SANTIAGO,131,13101
8506,,8506,METROPOLITANA DE SANTIAGO,13,39,6603,3572,3031,6603,3572,3031,0,0,0,SANTIAGO,SANTIAGO,131,13101
8507,,8507,METROPOLITANA DE SANTIAGO,13,40,6283,3358,2925,6283,3358,2925,0,0,0,SANTIAGO,SANTIAGO,131,13101
8508,,8508,METROPOLITANA DE SANTIAGO,13,41,6119,3243,2876,6119,3243,2876,0,0,0,SANTIAGO,SANTIAGO,131,13101
8509,,8509,METROPOLITANA DE SANTIAGO,13,42,5877,3073,2804,5877,3073,2804,0,0,0,SANTIAGO,SANTIAGO,131,13101
8510,,8510,METROPOLITANA DE SANTIAGO,13,43,5595,2926,2669,5595,2926,2669,0,0,0,SANTIAGO,SANTIAGO,131,13101
8511,,8511,METROPOLITANA DE SANTIAGO,13,44,5170,2727,2443,5170,2727,2443,0,0,0,SANTIAGO,SANTIAGO,131,13101
8512,,8512,METROPOLITANA DE SANTIAGO,13,45,4837,2523,2314,4837,2523,2314,0,0,0,SANTIAGO,SANTIAGO,131,13101
8513,,8513,METROPOLITANA DE SANTIAGO,13,46,4581,2284,2297,4581,2284,2297,0,0,0,SANTIAGO,SANTIAGO,131,13101
8514,,8514,METROPOLITANA DE SANTIAGO,13,47,4279,2183,2096,4279,2183,2096,0,0,0,SANTIAGO,SANTIAGO,131,13101
8515,,8515,METROPOLITANA DE SANTIAGO,13,48,4108,2070,2038,4108,2070,2038,0,0,0,SANTIAGO,SANTIAGO,131,13101
8516,,8516,METROPOLITANA DE SANTIAGO,13,49,3998,2018,1980,3998,2018,1980,0,0,0,SANTIAGO,SANTIAGO,131,13101
8517,,8517,METROPOLITANA DE SANTIAGO,13,50,3915,1940,1975,3915,1940,1975,0,0,0,SANTIAGO,SANTIAGO,131,13101
8518,,8518,METROPOLITANA DE SANTIAGO,13,51,3953,1955,1998,3953,1955,1998,0,0,0,SANTIAGO,SANTIAGO,131,13101
8519,,8519,METROPOLITANA DE SANTIAGO,13,52,3945,1935,2010,3945,1935,2010,0,0,0,SANTIAGO,SANTIAGO,131,13101
8520,,8520,METROPOLITANA DE SANTIAGO,13,53,3861,1891,1970,3861,1891,1970,0,0,0,SANTIAGO,SANTIAGO,131,13101
8521,,8521,METROPOLITANA DE SANTIAGO,13,54,3854,1866,1988,3854,1866,1988,0,0,0,SANTIAGO,SANTIAGO,131,13101
8522,,8522,METROPOLITANA DE SANTIAGO,13,55,3569,1676,1893,3569,1676,1893,0,0,0,SANTIAGO,SANTIAGO,131,13101
8523,,8523,METROPOLITANA DE SANTIAGO,13,56,3428,1556,1872,3428,1556,1872,0,0,0,SANTIAGO,SANTIAGO,131,13101
8524,,8524,METROPOLITANA DE SANTIAGO,13,57,3206,1484,1722,3206,1484,1722,0,0,0,SANTIAGO,SANTIAGO,131,13101
8525,,8525,METROPOLITANA DE SANTIAGO,13,58,3207,1427,1780,3207,1427,1780,0,0,0,SANTIAGO,SANTIAGO,131,13101
8526,,8526,METROPOLITANA DE SANTIAGO,13,59,3063,1343,1720,3063,1343,1720,0,0,0,SANTIAGO,SANTIAGO,131,13101
8527,,8527,METROPOLITANA DE SANTIAGO,13,60,2928,1303,1625,2928,1303,1625,0,0,0,SANTIAGO,SANTIAGO,131,13101
8528,,8528,METROPOLITANA DE SANTIAGO,13,61,2749,1223,1526,2749,1223,1526,0,0,0,SANTIAGO,SANTIAGO,131,13101
8529,,8529,METROPOLITANA DE SANTIAGO,13,62,2461,1075,1386,2461,1075,1386,0,0,0,SANTIAGO,SANTIAGO,131,13101
8530,,8530,METROPOLITANA DE SANTIAGO,13,63,2389,1084,1305,2389,1084,1305,0,0,0,SANTIAGO,SANTIAGO,131,13101
8531,,8531,METROPOLITANA DE SANTIAGO,13,64,2293,1001,1292,2293,1001,1292,0,0,0,SANTIAGO,SANTIAGO,131,13101
8532,,8532,METROPOLITANA DE SANTIAGO,13,65,2087,920,1167,2087,920,1167,0,0,0,SANTIAGO,SANTIAGO,131,13101
8533,,8533,METROPOLITANA DE SANTIAGO,13,66,1887,827,1060,1887,827,1060,0,0,0,SANTIAGO,SANTIAGO,131,13101
8534,,8534,METROPOLITANA DE SANTIAGO,13,67,1975,789,1186,1975,789,1186,0,0,0,SANTIAGO,SANTIAGO,131,13101
8535,,8535,METROPOLITANA DE SANTIAGO,13,68,1776,782,994,1776,782,994,0,0,0,SANTIAGO,SANTIAGO,131,13101
8536,,8536,METROPOLITANA DE SANTIAGO,13,69,1740,765,975,1740,765,975,0,0,0,SANTIAGO,SANTIAGO,131,13101
8537,,8537,METROPOLITANA DE SANTIAGO,13,70,1657,718,939,1657,718,939,0,0,0,SANTIAGO,SANTIAGO,131,13101
8538,,8538,METROPOLITANA DE SANTIAGO,13,71,1545,636,909,1545,636,909,0,0,0,SANTIAGO,SANTIAGO,131,13101
8539,,8539,METROPOLITANA DE SANTIAGO,13,72,1556,670,886,1556,670,886,0,0,0,SANTIAGO,SANTIAGO,131,13101
8540,,8540,METROPOLITANA DE SANTIAGO,13,73,1350,547,803,1350,547,803,0,0,0,SANTIAGO,SANTIAGO,131,13101
8541,,8541,METROPOLITANA DE SANTIAGO,13,74,1341,527,814,1341,527,814,0,0,0,SANTIAGO,SANTIAGO,131,13101
8542,,8542,METROPOLITANA DE SANTIAGO,13,75,1284,549,735,1284,549,735,0,0,0,SANTIAGO,SANTIAGO,131,13101
8543,,8543,METROPOLITANA DE SANTIAGO,13,76,1134,426,708,1134,426,708,0,0,0,SANTIAGO,SANTIAGO,131,13101
8544,,8544,METROPOLITANA DE SANTIAGO,13,77,1119,425,694,1119,425,694,0,0,0,SANTIAGO,SANTIAGO,131,13101
8545,,8545,METROPOLITANA DE SANTIAGO,13,78,917,321,596,917,321,596,0,0,0,SANTIAGO,SANTIAGO,131,13101
8546,,8546,METROPOLITANA DE SANTIAGO,13,79,874,306,568,874,306,568,0,0,0,SANTIAGO,SANTIAGO,131,13101
8547,,8547,METROPOLITANA DE SANTIAGO,13,80,829,289,540,829,289,540,0,0,0,SANTIAGO,SANTIAGO,131,13101
8548,,8548,METROPOLITANA DE SANTIAGO,13,81,808,285,523,808,285,523,0,0,0,SANTIAGO,SANTIAGO,131,13101
8549,,8549,METROPOLITANA DE SANTIAGO,13,82,741,241,500,741,241,500,0,0,0,SANTIAGO,SANTIAGO,131,13101
8550,,8550,METROPOLITANA DE SANTIAGO,13,83,705,224,481,705,224,481,0,0,0,SANTIAGO,SANTIAGO,131,13101
8551,,8551,METROPOLITANA DE SANTIAGO,13,84,655,219,436,655,219,436,0,0,0,SANTIAGO,SANTIAGO,131,13101
8552,,8552,METROPOLITANA DE SANTIAGO,13,85,648,193,455,648,193,455,0,0,0,SANTIAGO,SANTIAGO,131,13101
8553,,8553,METROPOLITANA DE SANTIAGO,13,86,611,181,430,611,181,430,0,0,0,SANTIAGO,SANTIAGO,131,13101
8554,,8554,METROPOLITANA DE SANTIAGO,13,87,508,143,365,508,143,365,0,0,0,SANTIAGO,SANTIAGO,131,13101
8555,,8555,METROPOLITANA DE SANTIAGO,13,88,433,119,314,433,119,314,0,0,0,SANTIAGO,SANTIAGO,131,13101
8556,,8556,METROPOLITANA DE SANTIAGO,13,89,402,97,305,402,97,305,0,0,0,SANTIAGO,SANTIAGO,131,13101
8557,,8557,METROPOLITANA DE SANTIAGO,13,90,300,71,229,300,71,229,0,0,0,SANTIAGO,SANTIAGO,131,13101
8558,,8558,METROPOLITANA DE SANTIAGO,13,91,235,60,175,235,60,175,0,0,0,SANTIAGO,SANTIAGO,131,13101
8559,,8559,METROPOLITANA DE SANTIAGO,13,92,198,52,146,198,52,146,0,0,0,SANTIAGO,SANTIAGO,131,13101
8560,,8560,METROPOLITANA DE SANTIAGO,13,93,165,37,128,165,37,128,0,0,0,SANTIAGO,SANTIAGO,131,13101
8561,,8561,METROPOLITANA DE SANTIAGO,13,94,129,21,108,129,21,108,0,0,0,SANTIAGO,SANTIAGO,131,13101
8562,,8562,METROPOLITANA DE SANTIAGO,13,95,108,25,83,108,25,83,0,0,0,SANTIAGO,SANTIAGO,131,13101
8563,,8563,METROPOLITANA DE SANTIAGO,13,96,69,15,54,69,15,54,0,0,0,SANTIAGO,SANTIAGO,131,13101
8564,,8564,METROPOLITANA DE SANTIAGO,13,97,50,10,40,50,10,40,0,0,0,SANTIAGO,SANTIAGO,131,13101
8565,,8565,METROPOLITANA DE SANTIAGO,13,98,49,4,45,49,4,45,0,0,0,SANTIAGO,SANTIAGO,131,13101
8566,,8566,METROPOLITANA DE SANTIAGO,13,99,26,9,17,26,9,17,0,0,0,SANTIAGO,SANTIAGO,131,13101
8567,,8567,METROPOLITANA DE SANTIAGO,13,100 o más,108,41,67,108,41,67,0,0,0,SANTIAGO,SANTIAGO,131,13101
8568,,8568,METROPOLITANA DE SANTIAGO,13,Total Comuna,80832,39631,41201,80832,39631,41201,0,0,0,CERRILLOS,SANTIAGO,131,13102
8569,,8569,METROPOLITANA DE SANTIAGO,13,0,986,509,477,986,509,477,0,0,0,CERRILLOS,SANTIAGO,131,13102
8570,,8570,METROPOLITANA DE SANTIAGO,13,1,1157,601,556,1157,601,556,0,0,0,CERRILLOS,SANTIAGO,131,13102
8571,,8571,METROPOLITANA DE SANTIAGO,13,2,1159,623,536,1159,623,536,0,0,0,CERRILLOS,SANTIAGO,131,13102
8572,,8572,METROPOLITANA DE SANTIAGO,13,3,1139,585,554,1139,585,554,0,0,0,CERRILLOS,SANTIAGO,131,13102
8573,,8573,METROPOLITANA DE SANTIAGO,13,4,1096,559,537,1096,559,537,0,0,0,CERRILLOS,SANTIAGO,131,13102
8574,,8574,METROPOLITANA DE SANTIAGO,13,5,1089,573,516,1089,573,516,0,0,0,CERRILLOS,SANTIAGO,131,13102
8575,,8575,METROPOLITANA DE SANTIAGO,13,6,1089,574,515,1089,574,515,0,0,0,CERRILLOS,SANTIAGO,131,13102
8576,,8576,METROPOLITANA DE SANTIAGO,13,7,1171,625,546,1171,625,546,0,0,0,CERRILLOS,SANTIAGO,131,13102
8577,,8577,METROPOLITANA DE SANTIAGO,13,8,1067,535,532,1067,535,532,0,0,0,CERRILLOS,SANTIAGO,131,13102
8578,,8578,METROPOLITANA DE SANTIAGO,13,9,1076,553,523,1076,553,523,0,0,0,CERRILLOS,SANTIAGO,131,13102
8579,,8579,METROPOLITANA DE SANTIAGO,13,10,1059,544,515,1059,544,515,0,0,0,CERRILLOS,SANTIAGO,131,13102
8580,,8580,METROPOLITANA DE SANTIAGO,13,11,1022,532,490,1022,532,490,0,0,0,CERRILLOS,SANTIAGO,131,13102
8581,,8581,METROPOLITANA DE SANTIAGO,13,12,998,519,479,998,519,479,0,0,0,CERRILLOS,SANTIAGO,131,13102
8582,,8582,METROPOLITANA DE SANTIAGO,13,13,1028,520,508,1028,520,508,0,0,0,CERRILLOS,SANTIAGO,131,13102
8583,,8583,METROPOLITANA DE SANTIAGO,13,14,1097,551,546,1097,551,546,0,0,0,CERRILLOS,SANTIAGO,131,13102
8584,,8584,METROPOLITANA DE SANTIAGO,13,15,1069,550,519,1069,550,519,0,0,0,CERRILLOS,SANTIAGO,131,13102
8585,,8585,METROPOLITANA DE SANTIAGO,13,16,1034,542,492,1034,542,492,0,0,0,CERRILLOS,SANTIAGO,131,13102
8586,,8586,METROPOLITANA DE SANTIAGO,13,17,1076,555,521,1076,555,521,0,0,0,CERRILLOS,SANTIAGO,131,13102
8587,,8587,METROPOLITANA DE SANTIAGO,13,18,1270,637,633,1270,637,633,0,0,0,CERRILLOS,SANTIAGO,131,13102
8588,,8588,METROPOLITANA DE SANTIAGO,13,19,1412,703,709,1412,703,709,0,0,0,CERRILLOS,SANTIAGO,131,13102
8589,,8589,METROPOLITANA DE SANTIAGO,13,20,1405,722,683,1405,722,683,0,0,0,CERRILLOS,SANTIAGO,131,13102
8590,,8590,METROPOLITANA DE SANTIAGO,13,21,1450,780,670,1450,780,670,0,0,0,CERRILLOS,SANTIAGO,131,13102
8591,,8591,METROPOLITANA DE SANTIAGO,13,22,1432,776,656,1432,776,656,0,0,0,CERRILLOS,SANTIAGO,131,13102
8592,,8592,METROPOLITANA DE SANTIAGO,13,23,1455,761,694,1455,761,694,0,0,0,CERRILLOS,SANTIAGO,131,13102
8593,,8593,METROPOLITANA DE SANTIAGO,13,24,1429,728,701,1429,728,701,0,0,0,CERRILLOS,SANTIAGO,131,13102
8594,,8594,METROPOLITANA DE SANTIAGO,13,25,1307,679,628,1307,679,628,0,0,0,CERRILLOS,SANTIAGO,131,13102
8595,,8595,METROPOLITANA DE SANTIAGO,13,26,1384,713,671,1384,713,671,0,0,0,CERRILLOS,SANTIAGO,131,13102
8596,,8596,METROPOLITANA DE SANTIAGO,13,27,1302,681,621,1302,681,621,0,0,0,CERRILLOS,SANTIAGO,131,13102
8597,,8597,METROPOLITANA DE SANTIAGO,13,28,1253,634,619,1253,634,619,0,0,0,CERRILLOS,SANTIAGO,131,13102
8598,,8598,METROPOLITANA DE SANTIAGO,13,29,1210,599,611,1210,599,611,0,0,0,CERRILLOS,SANTIAGO,131,13102
8599,,8599,METROPOLITANA DE SANTIAGO,13,30,1247,646,601,1247,646,601,0,0,0,CERRILLOS,SANTIAGO,131,13102
8600,,8600,METROPOLITANA DE SANTIAGO,13,31,1155,560,595,1155,560,595,0,0,0,CERRILLOS,SANTIAGO,131,13102
8601,,8601,METROPOLITANA DE SANTIAGO,13,32,1099,528,571,1099,528,571,0,0,0,CERRILLOS,SANTIAGO,131,13102
8602,,8602,METROPOLITANA DE SANTIAGO,13,33,1066,559,507,1066,559,507,0,0,0,CERRILLOS,SANTIAGO,131,13102
8603,,8603,METROPOLITANA DE SANTIAGO,13,34,1127,566,561,1127,566,561,0,0,0,CERRILLOS,SANTIAGO,131,13102
8604,,8604,METROPOLITANA DE SANTIAGO,13,35,1182,589,593,1182,589,593,0,0,0,CERRILLOS,SANTIAGO,131,13102
8605,,8605,METROPOLITANA DE SANTIAGO,13,36,1098,550,548,1098,550,548,0,0,0,CERRILLOS,SANTIAGO,131,13102
8606,,8606,METROPOLITANA DE SANTIAGO,13,37,1020,497,523,1020,497,523,0,0,0,CERRILLOS,SANTIAGO,131,13102
8607,,8607,METROPOLITANA DE SANTIAGO,13,38,1023,486,537,1023,486,537,0,0,0,CERRILLOS,SANTIAGO,131,13102
8608,,8608,METROPOLITANA DE SANTIAGO,13,39,1075,513,562,1075,513,562,0,0,0,CERRILLOS,SANTIAGO,131,13102
8609,,8609,METROPOLITANA DE SANTIAGO,13,40,1037,519,518,1037,519,518,0,0,0,CERRILLOS,SANTIAGO,131,13102
8610,,8610,METROPOLITANA DE SANTIAGO,13,41,1127,566,561,1127,566,561,0,0,0,CERRILLOS,SANTIAGO,131,13102
8611,,8611,METROPOLITANA DE SANTIAGO,13,42,1111,562,549,1111,562,549,0,0,0,CERRILLOS,SANTIAGO,131,13102
8612,,8612,METROPOLITANA DE SANTIAGO,13,43,1194,616,578,1194,616,578,0,0,0,CERRILLOS,SANTIAGO,131,13102
8613,,8613,METROPOLITANA DE SANTIAGO,13,44,1158,577,581,1158,577,581,0,0,0,CERRILLOS,SANTIAGO,131,13102
8614,,8614,METROPOLITANA DE SANTIAGO,13,45,1161,553,608,1161,553,608,0,0,0,CERRILLOS,SANTIAGO,131,13102
8615,,8615,METROPOLITANA DE SANTIAGO,13,46,1140,572,568,1140,572,568,0,0,0,CERRILLOS,SANTIAGO,131,13102
8616,,8616,METROPOLITANA DE SANTIAGO,13,47,998,487,511,998,487,511,0,0,0,CERRILLOS,SANTIAGO,131,13102
8617,,8617,METROPOLITANA DE SANTIAGO,13,48,978,508,470,978,508,470,0,0,0,CERRILLOS,SANTIAGO,131,13102
8618,,8618,METROPOLITANA DE SANTIAGO,13,49,998,476,522,998,476,522,0,0,0,CERRILLOS,SANTIAGO,131,13102
8619,,8619,METROPOLITANA DE SANTIAGO,13,50,1131,576,555,1131,576,555,0,0,0,CERRILLOS,SANTIAGO,131,13102
8620,,8620,METROPOLITANA DE SANTIAGO,13,51,1054,515,539,1054,515,539,0,0,0,CERRILLOS,SANTIAGO,131,13102
8621,,8621,METROPOLITANA DE SANTIAGO,13,52,1078,513,565,1078,513,565,0,0,0,CERRILLOS,SANTIAGO,131,13102
8622,,8622,METROPOLITANA DE SANTIAGO,13,53,1047,503,544,1047,503,544,0,0,0,CERRILLOS,SANTIAGO,131,13102
8623,,8623,METROPOLITANA DE SANTIAGO,13,54,1086,505,581,1086,505,581,0,0,0,CERRILLOS,SANTIAGO,131,13102
8624,,8624,METROPOLITANA DE SANTIAGO,13,55,959,427,532,959,427,532,0,0,0,CERRILLOS,SANTIAGO,131,13102
8625,,8625,METROPOLITANA DE SANTIAGO,13,56,956,462,494,956,462,494,0,0,0,CERRILLOS,SANTIAGO,131,13102
8626,,8626,METROPOLITANA DE SANTIAGO,13,57,912,441,471,912,441,471,0,0,0,CERRILLOS,SANTIAGO,131,13102
8627,,8627,METROPOLITANA DE SANTIAGO,13,58,844,385,459,844,385,459,0,0,0,CERRILLOS,SANTIAGO,131,13102
8628,,8628,METROPOLITANA DE SANTIAGO,13,59,839,393,446,839,393,446,0,0,0,CERRILLOS,SANTIAGO,131,13102
8629,,8629,METROPOLITANA DE SANTIAGO,13,60,762,331,431,762,331,431,0,0,0,CERRILLOS,SANTIAGO,131,13102
8630,,8630,METROPOLITANA DE SANTIAGO,13,61,759,363,396,759,363,396,0,0,0,CERRILLOS,SANTIAGO,131,13102
8631,,8631,METROPOLITANA DE SANTIAGO,13,62,691,306,385,691,306,385,0,0,0,CERRILLOS,SANTIAGO,131,13102
8632,,8632,METROPOLITANA DE SANTIAGO,13,63,741,326,415,741,326,415,0,0,0,CERRILLOS,SANTIAGO,131,13102
8633,,8633,METROPOLITANA DE SANTIAGO,13,64,649,306,343,649,306,343,0,0,0,CERRILLOS,SANTIAGO,131,13102
8634,,8634,METROPOLITANA DE SANTIAGO,13,65,649,309,340,649,309,340,0,0,0,CERRILLOS,SANTIAGO,131,13102
8635,,8635,METROPOLITANA DE SANTIAGO,13,66,584,246,338,584,246,338,0,0,0,CERRILLOS,SANTIAGO,131,13102
8636,,8636,METROPOLITANA DE SANTIAGO,13,67,560,261,299,560,261,299,0,0,0,CERRILLOS,SANTIAGO,131,13102
8637,,8637,METROPOLITANA DE SANTIAGO,13,68,588,276,312,588,276,312,0,0,0,CERRILLOS,SANTIAGO,131,13102
8638,,8638,METROPOLITANA DE SANTIAGO,13,69,582,239,343,582,239,343,0,0,0,CERRILLOS,SANTIAGO,131,13102
8639,,8639,METROPOLITANA DE SANTIAGO,13,70,586,232,354,586,232,354,0,0,0,CERRILLOS,SANTIAGO,131,13102
8640,,8640,METROPOLITANA DE SANTIAGO,13,71,496,190,306,496,190,306,0,0,0,CERRILLOS,SANTIAGO,131,13102
8641,,8641,METROPOLITANA DE SANTIAGO,13,72,496,218,278,496,218,278,0,0,0,CERRILLOS,SANTIAGO,131,13102
8642,,8642,METROPOLITANA DE SANTIAGO,13,73,475,198,277,475,198,277,0,0,0,CERRILLOS,SANTIAGO,131,13102
8643,,8643,METROPOLITANA DE SANTIAGO,13,74,497,213,284,497,213,284,0,0,0,CERRILLOS,SANTIAGO,131,13102
8644,,8644,METROPOLITANA DE SANTIAGO,13,75,463,177,286,463,177,286,0,0,0,CERRILLOS,SANTIAGO,131,13102
8645,,8645,METROPOLITANA DE SANTIAGO,13,76,412,158,254,412,158,254,0,0,0,CERRILLOS,SANTIAGO,131,13102
8646,,8646,METROPOLITANA DE SANTIAGO,13,77,395,155,240,395,155,240,0,0,0,CERRILLOS,SANTIAGO,131,13102
8647,,8647,METROPOLITANA DE SANTIAGO,13,78,312,122,190,312,122,190,0,0,0,CERRILLOS,SANTIAGO,131,13102
8648,,8648,METROPOLITANA DE SANTIAGO,13,79,280,110,170,280,110,170,0,0,0,CERRILLOS,SANTIAGO,131,13102
8649,,8649,METROPOLITANA DE SANTIAGO,13,80,276,114,162,276,114,162,0,0,0,CERRILLOS,SANTIAGO,131,13102
8650,,8650,METROPOLITANA DE SANTIAGO,13,81,279,111,168,279,111,168,0,0,0,CERRILLOS,SANTIAGO,131,13102
8651,,8651,METROPOLITANA DE SANTIAGO,13,82,205,72,133,205,72,133,0,0,0,CERRILLOS,SANTIAGO,131,13102
8652,,8652,METROPOLITANA DE SANTIAGO,13,83,189,70,119,189,70,119,0,0,0,CERRILLOS,SANTIAGO,131,13102
8653,,8653,METROPOLITANA DE SANTIAGO,13,84,205,80,125,205,80,125,0,0,0,CERRILLOS,SANTIAGO,131,13102
8654,,8654,METROPOLITANA DE SANTIAGO,13,85,184,83,101,184,83,101,0,0,0,CERRILLOS,SANTIAGO,131,13102
8655,,8655,METROPOLITANA DE SANTIAGO,13,86,179,62,117,179,62,117,0,0,0,CERRILLOS,SANTIAGO,131,13102
8656,,8656,METROPOLITANA DE SANTIAGO,13,87,144,37,107,144,37,107,0,0,0,CERRILLOS,SANTIAGO,131,13102
8657,,8657,METROPOLITANA DE SANTIAGO,13,88,113,25,88,113,25,88,0,0,0,CERRILLOS,SANTIAGO,131,13102
8658,,8658,METROPOLITANA DE SANTIAGO,13,89,118,41,77,118,41,77,0,0,0,CERRILLOS,SANTIAGO,131,13102
8659,,8659,METROPOLITANA DE SANTIAGO,13,90,72,18,54,72,18,54,0,0,0,CERRILLOS,SANTIAGO,131,13102
8660,,8660,METROPOLITANA DE SANTIAGO,13,91,79,19,60,79,19,60,0,0,0,CERRILLOS,SANTIAGO,131,13102
8661,,8661,METROPOLITANA DE SANTIAGO,13,92,52,19,33,52,19,33,0,0,0,CERRILLOS,SANTIAGO,131,13102
8662,,8662,METROPOLITANA DE SANTIAGO,13,93,26,3,23,26,3,23,0,0,0,CERRILLOS,SANTIAGO,131,13102
8663,,8663,METROPOLITANA DE SANTIAGO,13,94,38,12,26,38,12,26,0,0,0,CERRILLOS,SANTIAGO,131,13102
8664,,8664,METROPOLITANA DE SANTIAGO,13,95,14,3,11,14,3,11,0,0,0,CERRILLOS,SANTIAGO,131,13102
8665,,8665,METROPOLITANA DE SANTIAGO,13,96,17,3,14,17,3,14,0,0,0,CERRILLOS,SANTIAGO,131,13102
8666,,8666,METROPOLITANA DE SANTIAGO,13,97,10,2,8,10,2,8,0,0,0,CERRILLOS,SANTIAGO,131,13102
8667,,8667,METROPOLITANA DE SANTIAGO,13,98,12,4,8,12,4,8,0,0,0,CERRILLOS,SANTIAGO,131,13102
8668,,8668,METROPOLITANA DE SANTIAGO,13,99,4,0,4,4,0,4,0,0,0,CERRILLOS,SANTIAGO,131,13102
8669,,8669,METROPOLITANA DE SANTIAGO,13,100 o más,18,4,14,18,4,14,0,0,0,CERRILLOS,SANTIAGO,131,13102
8670,,8670,METROPOLITANA DE SANTIAGO,13,Total Comuna,132622,65438,67184,132622,65438,67184,0,0,0,CERRO NAVIA,SANTIAGO,131,13103
8671,,8671,METROPOLITANA DE SANTIAGO,13,0,1606,785,821,1606,785,821,0,0,0,CERRO NAVIA,SANTIAGO,131,13103
8672,,8672,METROPOLITANA DE SANTIAGO,13,1,1799,922,877,1799,922,877,0,0,0,CERRO NAVIA,SANTIAGO,131,13103
8673,,8673,METROPOLITANA DE SANTIAGO,13,2,1817,929,888,1817,929,888,0,0,0,CERRO NAVIA,SANTIAGO,131,13103
8674,,8674,METROPOLITANA DE SANTIAGO,13,3,1877,954,923,1877,954,923,0,0,0,CERRO NAVIA,SANTIAGO,131,13103
8675,,8675,METROPOLITANA DE SANTIAGO,13,4,1781,881,900,1781,881,900,0,0,0,CERRO NAVIA,SANTIAGO,131,13103
8676,,8676,METROPOLITANA DE SANTIAGO,13,5,1726,933,793,1726,933,793,0,0,0,CERRO NAVIA,SANTIAGO,131,13103
8677,,8677,METROPOLITANA DE SANTIAGO,13,6,1819,923,896,1819,923,896,0,0,0,CERRO NAVIA,SANTIAGO,131,13103
8678,,8678,METROPOLITANA DE SANTIAGO,13,7,1697,845,852,1697,845,852,0,0,0,CERRO NAVIA,SANTIAGO,131,13103
8679,,8679,METROPOLITANA DE SANTIAGO,13,8,1754,907,847,1754,907,847,0,0,0,CERRO NAVIA,SANTIAGO,131,13103
8680,,8680,METROPOLITANA DE SANTIAGO,13,9,1716,850,866,1716,850,866,0,0,0,CERRO NAVIA,SANTIAGO,131,13103
8681,,8681,METROPOLITANA DE SANTIAGO,13,10,1771,849,922,1771,849,922,0,0,0,CERRO NAVIA,SANTIAGO,131,13103
8682,,8682,METROPOLITANA DE SANTIAGO,13,11,1700,891,809,1700,891,809,0,0,0,CERRO NAVIA,SANTIAGO,131,13103
8683,,8683,METROPOLITANA DE SANTIAGO,13,12,1678,832,846,1678,832,846,0,0,0,CERRO NAVIA,SANTIAGO,131,13103
8684,,8684,METROPOLITANA DE SANTIAGO,13,13,1737,893,844,1737,893,844,0,0,0,CERRO NAVIA,SANTIAGO,131,13103
8685,,8685,METROPOLITANA DE SANTIAGO,13,14,1765,908,857,1765,908,857,0,0,0,CERRO NAVIA,SANTIAGO,131,13103
8686,,8686,METROPOLITANA DE SANTIAGO,13,15,1819,922,897,1819,922,897,0,0,0,CERRO NAVIA,SANTIAGO,131,13103
8687,,8687,METROPOLITANA DE SANTIAGO,13,16,1922,988,934,1922,988,934,0,0,0,CERRO NAVIA,SANTIAGO,131,13103
8688,,8688,METROPOLITANA DE SANTIAGO,13,17,1888,978,910,1888,978,910,0,0,0,CERRO NAVIA,SANTIAGO,131,13103
8689,,8689,METROPOLITANA DE SANTIAGO,13,18,1980,991,989,1980,991,989,0,0,0,CERRO NAVIA,SANTIAGO,131,13103
8690,,8690,METROPOLITANA DE SANTIAGO,13,19,2107,1063,1044,2107,1063,1044,0,0,0,CERRO NAVIA,SANTIAGO,131,13103
8691,,8691,METROPOLITANA DE SANTIAGO,13,20,2221,1123,1098,2221,1123,1098,0,0,0,CERRO NAVIA,SANTIAGO,131,13103
8692,,8692,METROPOLITANA DE SANTIAGO,13,21,2250,1126,1124,2250,1126,1124,0,0,0,CERRO NAVIA,SANTIAGO,131,13103
8693,,8693,METROPOLITANA DE SANTIAGO,13,22,2361,1171,1190,2361,1171,1190,0,0,0,CERRO NAVIA,SANTIAGO,131,13103
8694,,8694,METROPOLITANA DE SANTIAGO,13,23,2296,1152,1144,2296,1152,1144,0,0,0,CERRO NAVIA,SANTIAGO,131,13103
8695,,8695,METROPOLITANA DE SANTIAGO,13,24,2413,1218,1195,2413,1218,1195,0,0,0,CERRO NAVIA,SANTIAGO,131,13103
8696,,8696,METROPOLITANA DE SANTIAGO,13,25,2386,1228,1158,2386,1228,1158,0,0,0,CERRO NAVIA,SANTIAGO,131,13103
8697,,8697,METROPOLITANA DE SANTIAGO,13,26,2346,1234,1112,2346,1234,1112,0,0,0,CERRO NAVIA,SANTIAGO,131,13103
8698,,8698,METROPOLITANA DE SANTIAGO,13,27,2308,1224,1084,2308,1224,1084,0,0,0,CERRO NAVIA,SANTIAGO,131,13103
8699,,8699,METROPOLITANA DE SANTIAGO,13,28,2118,1138,980,2118,1138,980,0,0,0,CERRO NAVIA,SANTIAGO,131,13103
8700,,8700,METROPOLITANA DE SANTIAGO,13,29,2015,1049,966,2015,1049,966,0,0,0,CERRO NAVIA,SANTIAGO,131,13103
8701,,8701,METROPOLITANA DE SANTIAGO,13,30,1962,1049,913,1962,1049,913,0,0,0,CERRO NAVIA,SANTIAGO,131,13103
8702,,8702,METROPOLITANA DE SANTIAGO,13,31,1863,893,970,1863,893,970,0,0,0,CERRO NAVIA,SANTIAGO,131,13103
8703,,8703,METROPOLITANA DE SANTIAGO,13,32,1757,917,840,1757,917,840,0,0,0,CERRO NAVIA,SANTIAGO,131,13103
8704,,8704,METROPOLITANA DE SANTIAGO,13,33,1625,851,774,1625,851,774,0,0,0,CERRO NAVIA,SANTIAGO,131,13103
8705,,8705,METROPOLITANA DE SANTIAGO,13,34,1691,856,835,1691,856,835,0,0,0,CERRO NAVIA,SANTIAGO,131,13103
8706,,8706,METROPOLITANA DE SANTIAGO,13,35,1833,908,925,1833,908,925,0,0,0,CERRO NAVIA,SANTIAGO,131,13103
8707,,8707,METROPOLITANA DE SANTIAGO,13,36,1622,834,788,1622,834,788,0,0,0,CERRO NAVIA,SANTIAGO,131,13103
8708,,8708,METROPOLITANA DE SANTIAGO,13,37,1553,782,771,1553,782,771,0,0,0,CERRO NAVIA,SANTIAGO,131,13103
8709,,8709,METROPOLITANA DE SANTIAGO,13,38,1623,782,841,1623,782,841,0,0,0,CERRO NAVIA,SANTIAGO,131,13103
8710,,8710,METROPOLITANA DE SANTIAGO,13,39,1511,804,707,1511,804,707,0,0,0,CERRO NAVIA,SANTIAGO,131,13103
8711,,8711,METROPOLITANA DE SANTIAGO,13,40,1567,791,776,1567,791,776,0,0,0,CERRO NAVIA,SANTIAGO,131,13103
8712,,8712,METROPOLITANA DE SANTIAGO,13,41,1600,816,784,1600,816,784,0,0,0,CERRO NAVIA,SANTIAGO,131,13103
8713,,8713,METROPOLITANA DE SANTIAGO,13,42,1802,895,907,1802,895,907,0,0,0,CERRO NAVIA,SANTIAGO,131,13103
8714,,8714,METROPOLITANA DE SANTIAGO,13,43,1890,970,920,1890,970,920,0,0,0,CERRO NAVIA,SANTIAGO,131,13103
8715,,8715,METROPOLITANA DE SANTIAGO,13,44,1996,993,1003,1996,993,1003,0,0,0,CERRO NAVIA,SANTIAGO,131,13103
8716,,8716,METROPOLITANA DE SANTIAGO,13,45,1959,1012,947,1959,1012,947,0,0,0,CERRO NAVIA,SANTIAGO,131,13103
8717,,8717,METROPOLITANA DE SANTIAGO,13,46,1837,923,914,1837,923,914,0,0,0,CERRO NAVIA,SANTIAGO,131,13103
8718,,8718,METROPOLITANA DE SANTIAGO,13,47,1771,878,893,1771,878,893,0,0,0,CERRO NAVIA,SANTIAGO,131,13103
8719,,8719,METROPOLITANA DE SANTIAGO,13,48,1748,887,861,1748,887,861,0,0,0,CERRO NAVIA,SANTIAGO,131,13103
8720,,8720,METROPOLITANA DE SANTIAGO,13,49,1800,894,906,1800,894,906,0,0,0,CERRO NAVIA,SANTIAGO,131,13103
8721,,8721,METROPOLITANA DE SANTIAGO,13,50,1861,941,920,1861,941,920,0,0,0,CERRO NAVIA,SANTIAGO,131,13103
8722,,8722,METROPOLITANA DE SANTIAGO,13,51,1775,849,926,1775,849,926,0,0,0,CERRO NAVIA,SANTIAGO,131,13103
8723,,8723,METROPOLITANA DE SANTIAGO,13,52,1876,951,925,1876,951,925,0,0,0,CERRO NAVIA,SANTIAGO,131,13103
8724,,8724,METROPOLITANA DE SANTIAGO,13,53,1769,845,924,1769,845,924,0,0,0,CERRO NAVIA,SANTIAGO,131,13103
8725,,8725,METROPOLITANA DE SANTIAGO,13,54,1782,871,911,1782,871,911,0,0,0,CERRO NAVIA,SANTIAGO,131,13103
8726,,8726,METROPOLITANA DE SANTIAGO,13,55,1682,825,857,1682,825,857,0,0,0,CERRO NAVIA,SANTIAGO,131,13103
8727,,8727,METROPOLITANA DE SANTIAGO,13,56,1582,768,814,1582,768,814,0,0,0,CERRO NAVIA,SANTIAGO,131,13103
8728,,8728,METROPOLITANA DE SANTIAGO,13,57,1420,674,746,1420,674,746,0,0,0,CERRO NAVIA,SANTIAGO,131,13103
8729,,8729,METROPOLITANA DE SANTIAGO,13,58,1425,709,716,1425,709,716,0,0,0,CERRO NAVIA,SANTIAGO,131,13103
8730,,8730,METROPOLITANA DE SANTIAGO,13,59,1357,666,691,1357,666,691,0,0,0,CERRO NAVIA,SANTIAGO,131,13103
8731,,8731,METROPOLITANA DE SANTIAGO,13,60,1296,613,683,1296,613,683,0,0,0,CERRO NAVIA,SANTIAGO,131,13103
8732,,8732,METROPOLITANA DE SANTIAGO,13,61,1217,582,635,1217,582,635,0,0,0,CERRO NAVIA,SANTIAGO,131,13103
8733,,8733,METROPOLITANA DE SANTIAGO,13,62,1150,520,630,1150,520,630,0,0,0,CERRO NAVIA,SANTIAGO,131,13103
8734,,8734,METROPOLITANA DE SANTIAGO,13,63,1209,537,672,1209,537,672,0,0,0,CERRO NAVIA,SANTIAGO,131,13103
8735,,8735,METROPOLITANA DE SANTIAGO,13,64,1141,536,605,1141,536,605,0,0,0,CERRO NAVIA,SANTIAGO,131,13103
8736,,8736,METROPOLITANA DE SANTIAGO,13,65,1049,493,556,1049,493,556,0,0,0,CERRO NAVIA,SANTIAGO,131,13103
8737,,8737,METROPOLITANA DE SANTIAGO,13,66,1053,449,604,1053,449,604,0,0,0,CERRO NAVIA,SANTIAGO,131,13103
8738,,8738,METROPOLITANA DE SANTIAGO,13,67,1112,505,607,1112,505,607,0,0,0,CERRO NAVIA,SANTIAGO,131,13103
8739,,8739,METROPOLITANA DE SANTIAGO,13,68,1051,495,556,1051,495,556,0,0,0,CERRO NAVIA,SANTIAGO,131,13103
8740,,8740,METROPOLITANA DE SANTIAGO,13,69,1075,435,640,1075,435,640,0,0,0,CERRO NAVIA,SANTIAGO,131,13103
8741,,8741,METROPOLITANA DE SANTIAGO,13,70,954,446,508,954,446,508,0,0,0,CERRO NAVIA,SANTIAGO,131,13103
8742,,8742,METROPOLITANA DE SANTIAGO,13,71,1034,449,585,1034,449,585,0,0,0,CERRO NAVIA,SANTIAGO,131,13103
8743,,8743,METROPOLITANA DE SANTIAGO,13,72,909,397,512,909,397,512,0,0,0,CERRO NAVIA,SANTIAGO,131,13103
8744,,8744,METROPOLITANA DE SANTIAGO,13,73,819,363,456,819,363,456,0,0,0,CERRO NAVIA,SANTIAGO,131,13103
8745,,8745,METROPOLITANA DE SANTIAGO,13,74,834,398,436,834,398,436,0,0,0,CERRO NAVIA,SANTIAGO,131,13103
8746,,8746,METROPOLITANA DE SANTIAGO,13,75,772,324,448,772,324,448,0,0,0,CERRO NAVIA,SANTIAGO,131,13103
8747,,8747,METROPOLITANA DE SANTIAGO,13,76,717,291,426,717,291,426,0,0,0,CERRO NAVIA,SANTIAGO,131,13103
8748,,8748,METROPOLITANA DE SANTIAGO,13,77,601,254,347,601,254,347,0,0,0,CERRO NAVIA,SANTIAGO,131,13103
8749,,8749,METROPOLITANA DE SANTIAGO,13,78,563,224,339,563,224,339,0,0,0,CERRO NAVIA,SANTIAGO,131,13103
8750,,8750,METROPOLITANA DE SANTIAGO,13,79,507,203,304,507,203,304,0,0,0,CERRO NAVIA,SANTIAGO,131,13103
8751,,8751,METROPOLITANA DE SANTIAGO,13,80,431,164,267,431,164,267,0,0,0,CERRO NAVIA,SANTIAGO,131,13103
8752,,8752,METROPOLITANA DE SANTIAGO,13,81,411,150,261,411,150,261,0,0,0,CERRO NAVIA,SANTIAGO,131,13103
8753,,8753,METROPOLITANA DE SANTIAGO,13,82,360,136,224,360,136,224,0,0,0,CERRO NAVIA,SANTIAGO,131,13103
8754,,8754,METROPOLITANA DE SANTIAGO,13,83,308,113,195,308,113,195,0,0,0,CERRO NAVIA,SANTIAGO,131,13103
8755,,8755,METROPOLITANA DE SANTIAGO,13,84,332,117,215,332,117,215,0,0,0,CERRO NAVIA,SANTIAGO,131,13103
8756,,8756,METROPOLITANA DE SANTIAGO,13,85,261,98,163,261,98,163,0,0,0,CERRO NAVIA,SANTIAGO,131,13103
8757,,8757,METROPOLITANA DE SANTIAGO,13,86,246,86,160,246,86,160,0,0,0,CERRO NAVIA,SANTIAGO,131,13103
8758,,8758,METROPOLITANA DE SANTIAGO,13,87,216,74,142,216,74,142,0,0,0,CERRO NAVIA,SANTIAGO,131,13103
8759,,8759,METROPOLITANA DE SANTIAGO,13,88,162,53,109,162,53,109,0,0,0,CERRO NAVIA,SANTIAGO,131,13103
8760,,8760,METROPOLITANA DE SANTIAGO,13,89,143,45,98,143,45,98,0,0,0,CERRO NAVIA,SANTIAGO,131,13103
8761,,8761,METROPOLITANA DE SANTIAGO,13,90,99,29,70,99,29,70,0,0,0,CERRO NAVIA,SANTIAGO,131,13103
8762,,8762,METROPOLITANA DE SANTIAGO,13,91,86,26,60,86,26,60,0,0,0,CERRO NAVIA,SANTIAGO,131,13103
8763,,8763,METROPOLITANA DE SANTIAGO,13,92,73,24,49,73,24,49,0,0,0,CERRO NAVIA,SANTIAGO,131,13103
8764,,8764,METROPOLITANA DE SANTIAGO,13,93,40,15,25,40,15,25,0,0,0,CERRO NAVIA,SANTIAGO,131,13103
8765,,8765,METROPOLITANA DE SANTIAGO,13,94,42,10,32,42,10,32,0,0,0,CERRO NAVIA,SANTIAGO,131,13103
8766,,8766,METROPOLITANA DE SANTIAGO,13,95,37,13,24,37,13,24,0,0,0,CERRO NAVIA,SANTIAGO,131,13103
8767,,8767,METROPOLITANA DE SANTIAGO,13,96,26,3,23,26,3,23,0,0,0,CERRO NAVIA,SANTIAGO,131,13103
8768,,8768,METROPOLITANA DE SANTIAGO,13,97,14,3,11,14,3,11,0,0,0,CERRO NAVIA,SANTIAGO,131,13103
8769,,8769,METROPOLITANA DE SANTIAGO,13,98,14,1,13,14,1,13,0,0,0,CERRO NAVIA,SANTIAGO,131,13103
8770,,8770,METROPOLITANA DE SANTIAGO,13,99,12,2,10,12,2,10,0,0,0,CERRO NAVIA,SANTIAGO,131,13103
8771,,8771,METROPOLITANA DE SANTIAGO,13,100 o más,34,21,13,34,21,13,0,0,0,CERRO NAVIA,SANTIAGO,131,13103
8772,,8772,METROPOLITANA DE SANTIAGO,13,Total Comuna,126955,61877,65078,126955,61877,65078,0,0,0,CONCHALÍ,SANTIAGO,131,13104
8773,,8773,METROPOLITANA DE SANTIAGO,13,0,1479,750,729,1479,750,729,0,0,0,CONCHALÍ,SANTIAGO,131,13104
8774,,8774,METROPOLITANA DE SANTIAGO,13,1,1647,804,843,1647,804,843,0,0,0,CONCHALÍ,SANTIAGO,131,13104
8775,,8775,METROPOLITANA DE SANTIAGO,13,2,1656,846,810,1656,846,810,0,0,0,CONCHALÍ,SANTIAGO,131,13104
8776,,8776,METROPOLITANA DE SANTIAGO,13,3,1642,838,804,1642,838,804,0,0,0,CONCHALÍ,SANTIAGO,131,13104
8777,,8777,METROPOLITANA DE SANTIAGO,13,4,1565,799,766,1565,799,766,0,0,0,CONCHALÍ,SANTIAGO,131,13104
8778,,8778,METROPOLITANA DE SANTIAGO,13,5,1606,775,831,1606,775,831,0,0,0,CONCHALÍ,SANTIAGO,131,13104
8779,,8779,METROPOLITANA DE SANTIAGO,13,6,1658,867,791,1658,867,791,0,0,0,CONCHALÍ,SANTIAGO,131,13104
8780,,8780,METROPOLITANA DE SANTIAGO,13,7,1573,792,781,1573,792,781,0,0,0,CONCHALÍ,SANTIAGO,131,13104
8781,,8781,METROPOLITANA DE SANTIAGO,13,8,1619,805,814,1619,805,814,0,0,0,CONCHALÍ,SANTIAGO,131,13104
8782,,8782,METROPOLITANA DE SANTIAGO,13,9,1616,795,821,1616,795,821,0,0,0,CONCHALÍ,SANTIAGO,131,13104
8783,,8783,METROPOLITANA DE SANTIAGO,13,10,1542,787,755,1542,787,755,0,0,0,CONCHALÍ,SANTIAGO,131,13104
8784,,8784,METROPOLITANA DE SANTIAGO,13,11,1536,775,761,1536,775,761,0,0,0,CONCHALÍ,SANTIAGO,131,13104
8785,,8785,METROPOLITANA DE SANTIAGO,13,12,1434,764,670,1434,764,670,0,0,0,CONCHALÍ,SANTIAGO,131,13104
8786,,8786,METROPOLITANA DE SANTIAGO,13,13,1456,759,697,1456,759,697,0,0,0,CONCHALÍ,SANTIAGO,131,13104
8787,,8787,METROPOLITANA DE SANTIAGO,13,14,1580,799,781,1580,799,781,0,0,0,CONCHALÍ,SANTIAGO,131,13104
8788,,8788,METROPOLITANA DE SANTIAGO,13,15,1636,815,821,1636,815,821,0,0,0,CONCHALÍ,SANTIAGO,131,13104
8789,,8789,METROPOLITANA DE SANTIAGO,13,16,1688,864,824,1688,864,824,0,0,0,CONCHALÍ,SANTIAGO,131,13104
8790,,8790,METROPOLITANA DE SANTIAGO,13,17,1644,848,796,1644,848,796,0,0,0,CONCHALÍ,SANTIAGO,131,13104
8791,,8791,METROPOLITANA DE SANTIAGO,13,18,1754,897,857,1754,897,857,0,0,0,CONCHALÍ,SANTIAGO,131,13104
8792,,8792,METROPOLITANA DE SANTIAGO,13,19,1835,891,944,1835,891,944,0,0,0,CONCHALÍ,SANTIAGO,131,13104
8793,,8793,METROPOLITANA DE SANTIAGO,13,20,2012,1063,949,2012,1063,949,0,0,0,CONCHALÍ,SANTIAGO,131,13104
8794,,8794,METROPOLITANA DE SANTIAGO,13,21,2064,1079,985,2064,1079,985,0,0,0,CONCHALÍ,SANTIAGO,131,13104
8795,,8795,METROPOLITANA DE SANTIAGO,13,22,2118,1073,1045,2118,1073,1045,0,0,0,CONCHALÍ,SANTIAGO,131,13104
8796,,8796,METROPOLITANA DE SANTIAGO,13,23,2178,1085,1093,2178,1085,1093,0,0,0,CONCHALÍ,SANTIAGO,131,13104
8797,,8797,METROPOLITANA DE SANTIAGO,13,24,2131,1122,1009,2131,1122,1009,0,0,0,CONCHALÍ,SANTIAGO,131,13104
8798,,8798,METROPOLITANA DE SANTIAGO,13,25,2213,1127,1086,2213,1127,1086,0,0,0,CONCHALÍ,SANTIAGO,131,13104
8799,,8799,METROPOLITANA DE SANTIAGO,13,26,2266,1201,1065,2266,1201,1065,0,0,0,CONCHALÍ,SANTIAGO,131,13104
8800,,8800,METROPOLITANA DE SANTIAGO,13,27,2202,1151,1051,2202,1151,1051,0,0,0,CONCHALÍ,SANTIAGO,131,13104
8801,,8801,METROPOLITANA DE SANTIAGO,13,28,2097,1096,1001,2097,1096,1001,0,0,0,CONCHALÍ,SANTIAGO,131,13104
8802,,8802,METROPOLITANA DE SANTIAGO,13,29,2042,1038,1004,2042,1038,1004,0,0,0,CONCHALÍ,SANTIAGO,131,13104
8803,,8803,METROPOLITANA DE SANTIAGO,13,30,1906,977,929,1906,977,929,0,0,0,CONCHALÍ,SANTIAGO,131,13104
8804,,8804,METROPOLITANA DE SANTIAGO,13,31,1787,917,870,1787,917,870,0,0,0,CONCHALÍ,SANTIAGO,131,13104
8805,,8805,METROPOLITANA DE SANTIAGO,13,32,1747,918,829,1747,918,829,0,0,0,CONCHALÍ,SANTIAGO,131,13104
8806,,8806,METROPOLITANA DE SANTIAGO,13,33,1657,856,801,1657,856,801,0,0,0,CONCHALÍ,SANTIAGO,131,13104
8807,,8807,METROPOLITANA DE SANTIAGO,13,34,1720,866,854,1720,866,854,0,0,0,CONCHALÍ,SANTIAGO,131,13104
8808,,8808,METROPOLITANA DE SANTIAGO,13,35,1709,879,830,1709,879,830,0,0,0,CONCHALÍ,SANTIAGO,131,13104
8809,,8809,METROPOLITANA DE SANTIAGO,13,36,1586,807,779,1586,807,779,0,0,0,CONCHALÍ,SANTIAGO,131,13104
8810,,8810,METROPOLITANA DE SANTIAGO,13,37,1598,834,764,1598,834,764,0,0,0,CONCHALÍ,SANTIAGO,131,13104
8811,,8811,METROPOLITANA DE SANTIAGO,13,38,1511,756,755,1511,756,755,0,0,0,CONCHALÍ,SANTIAGO,131,13104
8812,,8812,METROPOLITANA DE SANTIAGO,13,39,1484,747,737,1484,747,737,0,0,0,CONCHALÍ,SANTIAGO,131,13104
8813,,8813,METROPOLITANA DE SANTIAGO,13,40,1523,729,794,1523,729,794,0,0,0,CONCHALÍ,SANTIAGO,131,13104
8814,,8814,METROPOLITANA DE SANTIAGO,13,41,1552,789,763,1552,789,763,0,0,0,CONCHALÍ,SANTIAGO,131,13104
8815,,8815,METROPOLITANA DE SANTIAGO,13,42,1631,825,806,1631,825,806,0,0,0,CONCHALÍ,SANTIAGO,131,13104
8816,,8816,METROPOLITANA DE SANTIAGO,13,43,1691,837,854,1691,837,854,0,0,0,CONCHALÍ,SANTIAGO,131,13104
8817,,8817,METROPOLITANA DE SANTIAGO,13,44,1736,870,866,1736,870,866,0,0,0,CONCHALÍ,SANTIAGO,131,13104
8818,,8818,METROPOLITANA DE SANTIAGO,13,45,1668,837,831,1668,837,831,0,0,0,CONCHALÍ,SANTIAGO,131,13104
8819,,8819,METROPOLITANA DE SANTIAGO,13,46,1704,884,820,1704,884,820,0,0,0,CONCHALÍ,SANTIAGO,131,13104
8820,,8820,METROPOLITANA DE SANTIAGO,13,47,1614,807,807,1614,807,807,0,0,0,CONCHALÍ,SANTIAGO,131,13104
8821,,8821,METROPOLITANA DE SANTIAGO,13,48,1588,759,829,1588,759,829,0,0,0,CONCHALÍ,SANTIAGO,131,13104
8822,,8822,METROPOLITANA DE SANTIAGO,13,49,1701,836,865,1701,836,865,0,0,0,CONCHALÍ,SANTIAGO,131,13104
8823,,8823,METROPOLITANA DE SANTIAGO,13,50,1621,769,852,1621,769,852,0,0,0,CONCHALÍ,SANTIAGO,131,13104
8824,,8824,METROPOLITANA DE SANTIAGO,13,51,1756,873,883,1756,873,883,0,0,0,CONCHALÍ,SANTIAGO,131,13104
8825,,8825,METROPOLITANA DE SANTIAGO,13,52,1931,888,1043,1931,888,1043,0,0,0,CONCHALÍ,SANTIAGO,131,13104
8826,,8826,METROPOLITANA DE SANTIAGO,13,53,1777,859,918,1777,859,918,0,0,0,CONCHALÍ,SANTIAGO,131,13104
8827,,8827,METROPOLITANA DE SANTIAGO,13,54,1887,924,963,1887,924,963,0,0,0,CONCHALÍ,SANTIAGO,131,13104
8828,,8828,METROPOLITANA DE SANTIAGO,13,55,1715,800,915,1715,800,915,0,0,0,CONCHALÍ,SANTIAGO,131,13104
8829,,8829,METROPOLITANA DE SANTIAGO,13,56,1725,840,885,1725,840,885,0,0,0,CONCHALÍ,SANTIAGO,131,13104
8830,,8830,METROPOLITANA DE SANTIAGO,13,57,1597,761,836,1597,761,836,0,0,0,CONCHALÍ,SANTIAGO,131,13104
8831,,8831,METROPOLITANA DE SANTIAGO,13,58,1506,705,801,1506,705,801,0,0,0,CONCHALÍ,SANTIAGO,131,13104
8832,,8832,METROPOLITANA DE SANTIAGO,13,59,1398,677,721,1398,677,721,0,0,0,CONCHALÍ,SANTIAGO,131,13104
8833,,8833,METROPOLITANA DE SANTIAGO,13,60,1375,666,709,1375,666,709,0,0,0,CONCHALÍ,SANTIAGO,131,13104
8834,,8834,METROPOLITANA DE SANTIAGO,13,61,1291,599,692,1291,599,692,0,0,0,CONCHALÍ,SANTIAGO,131,13104
8835,,8835,METROPOLITANA DE SANTIAGO,13,62,1117,515,602,1117,515,602,0,0,0,CONCHALÍ,SANTIAGO,131,13104
8836,,8836,METROPOLITANA DE SANTIAGO,13,63,1128,506,622,1128,506,622,0,0,0,CONCHALÍ,SANTIAGO,131,13104
8837,,8837,METROPOLITANA DE SANTIAGO,13,64,1077,480,597,1077,480,597,0,0,0,CONCHALÍ,SANTIAGO,131,13104
8838,,8838,METROPOLITANA DE SANTIAGO,13,65,1030,462,568,1030,462,568,0,0,0,CONCHALÍ,SANTIAGO,131,13104
8839,,8839,METROPOLITANA DE SANTIAGO,13,66,979,455,524,979,455,524,0,0,0,CONCHALÍ,SANTIAGO,131,13104
8840,,8840,METROPOLITANA DE SANTIAGO,13,67,875,381,494,875,381,494,0,0,0,CONCHALÍ,SANTIAGO,131,13104
8841,,8841,METROPOLITANA DE SANTIAGO,13,68,922,393,529,922,393,529,0,0,0,CONCHALÍ,SANTIAGO,131,13104
8842,,8842,METROPOLITANA DE SANTIAGO,13,69,995,419,576,995,419,576,0,0,0,CONCHALÍ,SANTIAGO,131,13104
8843,,8843,METROPOLITANA DE SANTIAGO,13,70,914,402,512,914,402,512,0,0,0,CONCHALÍ,SANTIAGO,131,13104
8844,,8844,METROPOLITANA DE SANTIAGO,13,71,880,376,504,880,376,504,0,0,0,CONCHALÍ,SANTIAGO,131,13104
8845,,8845,METROPOLITANA DE SANTIAGO,13,72,825,367,458,825,367,458,0,0,0,CONCHALÍ,SANTIAGO,131,13104
8846,,8846,METROPOLITANA DE SANTIAGO,13,73,797,347,450,797,347,450,0,0,0,CONCHALÍ,SANTIAGO,131,13104
8847,,8847,METROPOLITANA DE SANTIAGO,13,74,834,365,469,834,365,469,0,0,0,CONCHALÍ,SANTIAGO,131,13104
8848,,8848,METROPOLITANA DE SANTIAGO,13,75,827,329,498,827,329,498,0,0,0,CONCHALÍ,SANTIAGO,131,13104
8849,,8849,METROPOLITANA DE SANTIAGO,13,76,768,309,459,768,309,459,0,0,0,CONCHALÍ,SANTIAGO,131,13104
8850,,8850,METROPOLITANA DE SANTIAGO,13,77,710,266,444,710,266,444,0,0,0,CONCHALÍ,SANTIAGO,131,13104
8851,,8851,METROPOLITANA DE SANTIAGO,13,78,619,242,377,619,242,377,0,0,0,CONCHALÍ,SANTIAGO,131,13104
8852,,8852,METROPOLITANA DE SANTIAGO,13,79,609,225,384,609,225,384,0,0,0,CONCHALÍ,SANTIAGO,131,13104
8853,,8853,METROPOLITANA DE SANTIAGO,13,80,593,230,363,593,230,363,0,0,0,CONCHALÍ,SANTIAGO,131,13104
8854,,8854,METROPOLITANA DE SANTIAGO,13,81,544,202,342,544,202,342,0,0,0,CONCHALÍ,SANTIAGO,131,13104
8855,,8855,METROPOLITANA DE SANTIAGO,13,82,455,161,294,455,161,294,0,0,0,CONCHALÍ,SANTIAGO,131,13104
8856,,8856,METROPOLITANA DE SANTIAGO,13,83,469,171,298,469,171,298,0,0,0,CONCHALÍ,SANTIAGO,131,13104
8857,,8857,METROPOLITANA DE SANTIAGO,13,84,460,162,298,460,162,298,0,0,0,CONCHALÍ,SANTIAGO,131,13104
8858,,8858,METROPOLITANA DE SANTIAGO,13,85,390,137,253,390,137,253,0,0,0,CONCHALÍ,SANTIAGO,131,13104
8859,,8859,METROPOLITANA DE SANTIAGO,13,86,414,118,296,414,118,296,0,0,0,CONCHALÍ,SANTIAGO,131,13104
8860,,8860,METROPOLITANA DE SANTIAGO,13,87,340,113,227,340,113,227,0,0,0,CONCHALÍ,SANTIAGO,131,13104
8861,,8861,METROPOLITANA DE SANTIAGO,13,88,261,80,181,261,80,181,0,0,0,CONCHALÍ,SANTIAGO,131,13104
8862,,8862,METROPOLITANA DE SANTIAGO,13,89,220,62,158,220,62,158,0,0,0,CONCHALÍ,SANTIAGO,131,13104
8863,,8863,METROPOLITANA DE SANTIAGO,13,90,168,56,112,168,56,112,0,0,0,CONCHALÍ,SANTIAGO,131,13104
8864,,8864,METROPOLITANA DE SANTIAGO,13,91,146,37,109,146,37,109,0,0,0,CONCHALÍ,SANTIAGO,131,13104
8865,,8865,METROPOLITANA DE SANTIAGO,13,92,96,25,71,96,25,71,0,0,0,CONCHALÍ,SANTIAGO,131,13104
8866,,8866,METROPOLITANA DE SANTIAGO,13,93,64,21,43,64,21,43,0,0,0,CONCHALÍ,SANTIAGO,131,13104
8867,,8867,METROPOLITANA DE SANTIAGO,13,94,78,24,54,78,24,54,0,0,0,CONCHALÍ,SANTIAGO,131,13104
8868,,8868,METROPOLITANA DE SANTIAGO,13,95,47,13,34,47,13,34,0,0,0,CONCHALÍ,SANTIAGO,131,13104
8869,,8869,METROPOLITANA DE SANTIAGO,13,96,22,5,17,22,5,17,0,0,0,CONCHALÍ,SANTIAGO,131,13104
8870,,8870,METROPOLITANA DE SANTIAGO,13,97,34,11,23,34,11,23,0,0,0,CONCHALÍ,SANTIAGO,131,13104
8871,,8871,METROPOLITANA DE SANTIAGO,13,98,13,4,9,13,4,9,0,0,0,CONCHALÍ,SANTIAGO,131,13104
8872,,8872,METROPOLITANA DE SANTIAGO,13,99,11,1,10,11,1,10,0,0,0,CONCHALÍ,SANTIAGO,131,13104
8873,,8873,METROPOLITANA DE SANTIAGO,13,100 o más,43,9,34,43,9,34,0,0,0,CONCHALÍ,SANTIAGO,131,13104
8874,,8874,METROPOLITANA DE SANTIAGO,13,Total Comuna,162505,79372,83133,162505,79372,83133,0,0,0,EL BOSQUE,SANTIAGO,131,13105
8875,,8875,METROPOLITANA DE SANTIAGO,13,0,1983,1038,945,1983,1038,945,0,0,0,EL BOSQUE,SANTIAGO,131,13105
8876,,8876,METROPOLITANA DE SANTIAGO,13,1,2231,1118,1113,2231,1118,1113,0,0,0,EL BOSQUE,SANTIAGO,131,13105
8877,,8877,METROPOLITANA DE SANTIAGO,13,2,2238,1155,1083,2238,1155,1083,0,0,0,EL BOSQUE,SANTIAGO,131,13105
8878,,8878,METROPOLITANA DE SANTIAGO,13,3,2071,1029,1042,2071,1029,1042,0,0,0,EL BOSQUE,SANTIAGO,131,13105
8879,,8879,METROPOLITANA DE SANTIAGO,13,4,2150,1042,1108,2150,1042,1108,0,0,0,EL BOSQUE,SANTIAGO,131,13105
8880,,8880,METROPOLITANA DE SANTIAGO,13,5,2366,1196,1170,2366,1196,1170,0,0,0,EL BOSQUE,SANTIAGO,131,13105
8881,,8881,METROPOLITANA DE SANTIAGO,13,6,2358,1229,1129,2358,1229,1129,0,0,0,EL BOSQUE,SANTIAGO,131,13105
8882,,8882,METROPOLITANA DE SANTIAGO,13,7,2428,1264,1164,2428,1264,1164,0,0,0,EL BOSQUE,SANTIAGO,131,13105
8883,,8883,METROPOLITANA DE SANTIAGO,13,8,2345,1219,1126,2345,1219,1126,0,0,0,EL BOSQUE,SANTIAGO,131,13105
8884,,8884,METROPOLITANA DE SANTIAGO,13,9,2288,1167,1121,2288,1167,1121,0,0,0,EL BOSQUE,SANTIAGO,131,13105
8885,,8885,METROPOLITANA DE SANTIAGO,13,10,2091,1062,1029,2091,1062,1029,0,0,0,EL BOSQUE,SANTIAGO,131,13105
8886,,8886,METROPOLITANA DE SANTIAGO,13,11,2092,1104,988,2092,1104,988,0,0,0,EL BOSQUE,SANTIAGO,131,13105
8887,,8887,METROPOLITANA DE SANTIAGO,13,12,2071,1101,970,2071,1101,970,0,0,0,EL BOSQUE,SANTIAGO,131,13105
8888,,8888,METROPOLITANA DE SANTIAGO,13,13,2137,1115,1022,2137,1115,1022,0,0,0,EL BOSQUE,SANTIAGO,131,13105
8889,,8889,METROPOLITANA DE SANTIAGO,13,14,2168,1084,1084,2168,1084,1084,0,0,0,EL BOSQUE,SANTIAGO,131,13105
8890,,8890,METROPOLITANA DE SANTIAGO,13,15,2271,1152,1119,2271,1152,1119,0,0,0,EL BOSQUE,SANTIAGO,131,13105
8891,,8891,METROPOLITANA DE SANTIAGO,13,16,2321,1142,1179,2321,1142,1179,0,0,0,EL BOSQUE,SANTIAGO,131,13105
8892,,8892,METROPOLITANA DE SANTIAGO,13,17,2325,1138,1187,2325,1138,1187,0,0,0,EL BOSQUE,SANTIAGO,131,13105
8893,,8893,METROPOLITANA DE SANTIAGO,13,18,2396,1229,1167,2396,1229,1167,0,0,0,EL BOSQUE,SANTIAGO,131,13105
8894,,8894,METROPOLITANA DE SANTIAGO,13,19,2464,1242,1222,2464,1242,1222,0,0,0,EL BOSQUE,SANTIAGO,131,13105
8895,,8895,METROPOLITANA DE SANTIAGO,13,20,2539,1286,1253,2539,1286,1253,0,0,0,EL BOSQUE,SANTIAGO,131,13105
8896,,8896,METROPOLITANA DE SANTIAGO,13,21,2566,1305,1261,2566,1305,1261,0,0,0,EL BOSQUE,SANTIAGO,131,13105
8897,,8897,METROPOLITANA DE SANTIAGO,13,22,2703,1388,1315,2703,1388,1315,0,0,0,EL BOSQUE,SANTIAGO,131,13105
8898,,8898,METROPOLITANA DE SANTIAGO,13,23,2698,1345,1353,2698,1345,1353,0,0,0,EL BOSQUE,SANTIAGO,131,13105
8899,,8899,METROPOLITANA DE SANTIAGO,13,24,2797,1474,1323,2797,1474,1323,0,0,0,EL BOSQUE,SANTIAGO,131,13105
8900,,8900,METROPOLITANA DE SANTIAGO,13,25,2904,1484,1420,2904,1484,1420,0,0,0,EL BOSQUE,SANTIAGO,131,13105
8901,,8901,METROPOLITANA DE SANTIAGO,13,26,2994,1568,1426,2994,1568,1426,0,0,0,EL BOSQUE,SANTIAGO,131,13105
8902,,8902,METROPOLITANA DE SANTIAGO,13,27,2899,1528,1371,2899,1528,1371,0,0,0,EL BOSQUE,SANTIAGO,131,13105
8903,,8903,METROPOLITANA DE SANTIAGO,13,28,2758,1428,1330,2758,1428,1330,0,0,0,EL BOSQUE,SANTIAGO,131,13105
8904,,8904,METROPOLITANA DE SANTIAGO,13,29,2559,1294,1265,2559,1294,1265,0,0,0,EL BOSQUE,SANTIAGO,131,13105
8905,,8905,METROPOLITANA DE SANTIAGO,13,30,2363,1191,1172,2363,1191,1172,0,0,0,EL BOSQUE,SANTIAGO,131,13105
8906,,8906,METROPOLITANA DE SANTIAGO,13,31,2273,1156,1117,2273,1156,1117,0,0,0,EL BOSQUE,SANTIAGO,131,13105
8907,,8907,METROPOLITANA DE SANTIAGO,13,32,2244,1154,1090,2244,1154,1090,0,0,0,EL BOSQUE,SANTIAGO,131,13105
8908,,8908,METROPOLITANA DE SANTIAGO,13,33,2073,1023,1050,2073,1023,1050,0,0,0,EL BOSQUE,SANTIAGO,131,13105
8909,,8909,METROPOLITANA DE SANTIAGO,13,34,2180,1080,1100,2180,1080,1100,0,0,0,EL BOSQUE,SANTIAGO,131,13105
8910,,8910,METROPOLITANA DE SANTIAGO,13,35,2315,1125,1190,2315,1125,1190,0,0,0,EL BOSQUE,SANTIAGO,131,13105
8911,,8911,METROPOLITANA DE SANTIAGO,13,36,2037,1042,995,2037,1042,995,0,0,0,EL BOSQUE,SANTIAGO,131,13105
8912,,8912,METROPOLITANA DE SANTIAGO,13,37,1987,1008,979,1987,1008,979,0,0,0,EL BOSQUE,SANTIAGO,131,13105
8913,,8913,METROPOLITANA DE SANTIAGO,13,38,1870,915,955,1870,915,955,0,0,0,EL BOSQUE,SANTIAGO,131,13105
8914,,8914,METROPOLITANA DE SANTIAGO,13,39,1812,898,914,1812,898,914,0,0,0,EL BOSQUE,SANTIAGO,131,13105
8915,,8915,METROPOLITANA DE SANTIAGO,13,40,1741,882,859,1741,882,859,0,0,0,EL BOSQUE,SANTIAGO,131,13105
8916,,8916,METROPOLITANA DE SANTIAGO,13,41,1844,925,919,1844,925,919,0,0,0,EL BOSQUE,SANTIAGO,131,13105
8917,,8917,METROPOLITANA DE SANTIAGO,13,42,2016,991,1025,2016,991,1025,0,0,0,EL BOSQUE,SANTIAGO,131,13105
8918,,8918,METROPOLITANA DE SANTIAGO,13,43,2166,1072,1094,2166,1072,1094,0,0,0,EL BOSQUE,SANTIAGO,131,13105
8919,,8919,METROPOLITANA DE SANTIAGO,13,44,2045,1001,1044,2045,1001,1044,0,0,0,EL BOSQUE,SANTIAGO,131,13105
8920,,8920,METROPOLITANA DE SANTIAGO,13,45,2154,1055,1099,2154,1055,1099,0,0,0,EL BOSQUE,SANTIAGO,131,13105
8921,,8921,METROPOLITANA DE SANTIAGO,13,46,1955,969,986,1955,969,986,0,0,0,EL BOSQUE,SANTIAGO,131,13105
8922,,8922,METROPOLITANA DE SANTIAGO,13,47,1999,975,1024,1999,975,1024,0,0,0,EL BOSQUE,SANTIAGO,131,13105
8923,,8923,METROPOLITANA DE SANTIAGO,13,48,1958,967,991,1958,967,991,0,0,0,EL BOSQUE,SANTIAGO,131,13105
8924,,8924,METROPOLITANA DE SANTIAGO,13,49,2066,1008,1058,2066,1008,1058,0,0,0,EL BOSQUE,SANTIAGO,131,13105
8925,,8925,METROPOLITANA DE SANTIAGO,13,50,2140,1032,1108,2140,1032,1108,0,0,0,EL BOSQUE,SANTIAGO,131,13105
8926,,8926,METROPOLITANA DE SANTIAGO,13,51,2142,1034,1108,2142,1034,1108,0,0,0,EL BOSQUE,SANTIAGO,131,13105
8927,,8927,METROPOLITANA DE SANTIAGO,13,52,2231,1050,1181,2231,1050,1181,0,0,0,EL BOSQUE,SANTIAGO,131,13105
8928,,8928,METROPOLITANA DE SANTIAGO,13,53,2220,1075,1145,2220,1075,1145,0,0,0,EL BOSQUE,SANTIAGO,131,13105
8929,,8929,METROPOLITANA DE SANTIAGO,13,54,2290,1121,1169,2290,1121,1169,0,0,0,EL BOSQUE,SANTIAGO,131,13105
8930,,8930,METROPOLITANA DE SANTIAGO,13,55,2109,1003,1106,2109,1003,1106,0,0,0,EL BOSQUE,SANTIAGO,131,13105
8931,,8931,METROPOLITANA DE SANTIAGO,13,56,2059,965,1094,2059,965,1094,0,0,0,EL BOSQUE,SANTIAGO,131,13105
8932,,8932,METROPOLITANA DE SANTIAGO,13,57,1976,912,1064,1976,912,1064,0,0,0,EL BOSQUE,SANTIAGO,131,13105
8933,,8933,METROPOLITANA DE SANTIAGO,13,58,2034,922,1112,2034,922,1112,0,0,0,EL BOSQUE,SANTIAGO,131,13105
8934,,8934,METROPOLITANA DE SANTIAGO,13,59,1913,930,983,1913,930,983,0,0,0,EL BOSQUE,SANTIAGO,131,13105
8935,,8935,METROPOLITANA DE SANTIAGO,13,60,1822,870,952,1822,870,952,0,0,0,EL BOSQUE,SANTIAGO,131,13105
8936,,8936,METROPOLITANA DE SANTIAGO,13,61,1730,796,934,1730,796,934,0,0,0,EL BOSQUE,SANTIAGO,131,13105
8937,,8937,METROPOLITANA DE SANTIAGO,13,62,1600,732,868,1600,732,868,0,0,0,EL BOSQUE,SANTIAGO,131,13105
8938,,8938,METROPOLITANA DE SANTIAGO,13,63,1599,699,900,1599,699,900,0,0,0,EL BOSQUE,SANTIAGO,131,13105
8939,,8939,METROPOLITANA DE SANTIAGO,13,64,1461,671,790,1461,671,790,0,0,0,EL BOSQUE,SANTIAGO,131,13105
8940,,8940,METROPOLITANA DE SANTIAGO,13,65,1371,643,728,1371,643,728,0,0,0,EL BOSQUE,SANTIAGO,131,13105
8941,,8941,METROPOLITANA DE SANTIAGO,13,66,1276,558,718,1276,558,718,0,0,0,EL BOSQUE,SANTIAGO,131,13105
8942,,8942,METROPOLITANA DE SANTIAGO,13,67,1296,579,717,1296,579,717,0,0,0,EL BOSQUE,SANTIAGO,131,13105
8943,,8943,METROPOLITANA DE SANTIAGO,13,68,1224,555,669,1224,555,669,0,0,0,EL BOSQUE,SANTIAGO,131,13105
8944,,8944,METROPOLITANA DE SANTIAGO,13,69,1181,526,655,1181,526,655,0,0,0,EL BOSQUE,SANTIAGO,131,13105
8945,,8945,METROPOLITANA DE SANTIAGO,13,70,1162,490,672,1162,490,672,0,0,0,EL BOSQUE,SANTIAGO,131,13105
8946,,8946,METROPOLITANA DE SANTIAGO,13,71,1108,452,656,1108,452,656,0,0,0,EL BOSQUE,SANTIAGO,131,13105
8947,,8947,METROPOLITANA DE SANTIAGO,13,72,1092,492,600,1092,492,600,0,0,0,EL BOSQUE,SANTIAGO,131,13105
8948,,8948,METROPOLITANA DE SANTIAGO,13,73,1020,471,549,1020,471,549,0,0,0,EL BOSQUE,SANTIAGO,131,13105
8949,,8949,METROPOLITANA DE SANTIAGO,13,74,970,399,571,970,399,571,0,0,0,EL BOSQUE,SANTIAGO,131,13105
8950,,8950,METROPOLITANA DE SANTIAGO,13,75,864,345,519,864,345,519,0,0,0,EL BOSQUE,SANTIAGO,131,13105
8951,,8951,METROPOLITANA DE SANTIAGO,13,76,855,337,518,855,337,518,0,0,0,EL BOSQUE,SANTIAGO,131,13105
8952,,8952,METROPOLITANA DE SANTIAGO,13,77,741,299,442,741,299,442,0,0,0,EL BOSQUE,SANTIAGO,131,13105
8953,,8953,METROPOLITANA DE SANTIAGO,13,78,673,275,398,673,275,398,0,0,0,EL BOSQUE,SANTIAGO,131,13105
8954,,8954,METROPOLITANA DE SANTIAGO,13,79,604,219,385,604,219,385,0,0,0,EL BOSQUE,SANTIAGO,131,13105
8955,,8955,METROPOLITANA DE SANTIAGO,13,80,579,231,348,579,231,348,0,0,0,EL BOSQUE,SANTIAGO,131,13105
8956,,8956,METROPOLITANA DE SANTIAGO,13,81,499,184,315,499,184,315,0,0,0,EL BOSQUE,SANTIAGO,131,13105
8957,,8957,METROPOLITANA DE SANTIAGO,13,82,460,176,284,460,176,284,0,0,0,EL BOSQUE,SANTIAGO,131,13105
8958,,8958,METROPOLITANA DE SANTIAGO,13,83,426,167,259,426,167,259,0,0,0,EL BOSQUE,SANTIAGO,131,13105
8959,,8959,METROPOLITANA DE SANTIAGO,13,84,398,159,239,398,159,239,0,0,0,EL BOSQUE,SANTIAGO,131,13105
8960,,8960,METROPOLITANA DE SANTIAGO,13,85,382,137,245,382,137,245,0,0,0,EL BOSQUE,SANTIAGO,131,13105
8961,,8961,METROPOLITANA DE SANTIAGO,13,86,374,116,258,374,116,258,0,0,0,EL BOSQUE,SANTIAGO,131,13105
8962,,8962,METROPOLITANA DE SANTIAGO,13,87,300,110,190,300,110,190,0,0,0,EL BOSQUE,SANTIAGO,131,13105
8963,,8963,METROPOLITANA DE SANTIAGO,13,88,211,55,156,211,55,156,0,0,0,EL BOSQUE,SANTIAGO,131,13105
8964,,8964,METROPOLITANA DE SANTIAGO,13,89,206,65,141,206,65,141,0,0,0,EL BOSQUE,SANTIAGO,131,13105
8965,,8965,METROPOLITANA DE SANTIAGO,13,90,132,41,91,132,41,91,0,0,0,EL BOSQUE,SANTIAGO,131,13105
8966,,8966,METROPOLITANA DE SANTIAGO,13,91,95,25,70,95,25,70,0,0,0,EL BOSQUE,SANTIAGO,131,13105
8967,,8967,METROPOLITANA DE SANTIAGO,13,92,95,20,75,95,20,75,0,0,0,EL BOSQUE,SANTIAGO,131,13105
8968,,8968,METROPOLITANA DE SANTIAGO,13,93,66,18,48,66,18,48,0,0,0,EL BOSQUE,SANTIAGO,131,13105
8969,,8969,METROPOLITANA DE SANTIAGO,13,94,64,13,51,64,13,51,0,0,0,EL BOSQUE,SANTIAGO,131,13105
8970,,8970,METROPOLITANA DE SANTIAGO,13,95,31,9,22,31,9,22,0,0,0,EL BOSQUE,SANTIAGO,131,13105
8971,,8971,METROPOLITANA DE SANTIAGO,13,96,38,9,29,38,9,29,0,0,0,EL BOSQUE,SANTIAGO,131,13105
8972,,8972,METROPOLITANA DE SANTIAGO,13,97,20,4,16,20,4,16,0,0,0,EL BOSQUE,SANTIAGO,131,13105
8973,,8973,METROPOLITANA DE SANTIAGO,13,98,10,3,7,10,3,7,0,0,0,EL BOSQUE,SANTIAGO,131,13105
8974,,8974,METROPOLITANA DE SANTIAGO,13,99,5,0,5,5,0,5,0,0,0,EL BOSQUE,SANTIAGO,131,13105
8975,,8975,METROPOLITANA DE SANTIAGO,13,100 o más,42,15,27,42,15,27,0,0,0,EL BOSQUE,SANTIAGO,131,13105
8976,,8976,METROPOLITANA DE SANTIAGO,13,Total Comuna,147041,73458,73583,147041,73458,73583,0,0,0,ESTACIÓN CENTRAL,SANTIAGO,131,13106
8977,,8977,METROPOLITANA DE SANTIAGO,13,0,1808,872,936,1808,872,936,0,0,0,ESTACIÓN CENTRAL,SANTIAGO,131,13106
8978,,8978,METROPOLITANA DE SANTIAGO,13,1,1822,889,933,1822,889,933,0,0,0,ESTACIÓN CENTRAL,SANTIAGO,131,13106
8979,,8979,METROPOLITANA DE SANTIAGO,13,2,1790,900,890,1790,900,890,0,0,0,ESTACIÓN CENTRAL,SANTIAGO,131,13106
8980,,8980,METROPOLITANA DE SANTIAGO,13,3,1647,812,835,1647,812,835,0,0,0,ESTACIÓN CENTRAL,SANTIAGO,131,13106
8981,,8981,METROPOLITANA DE SANTIAGO,13,4,1679,892,787,1679,892,787,0,0,0,ESTACIÓN CENTRAL,SANTIAGO,131,13106
8982,,8982,METROPOLITANA DE SANTIAGO,13,5,1720,849,871,1720,849,871,0,0,0,ESTACIÓN CENTRAL,SANTIAGO,131,13106
8983,,8983,METROPOLITANA DE SANTIAGO,13,6,1575,821,754,1575,821,754,0,0,0,ESTACIÓN CENTRAL,SANTIAGO,131,13106
8984,,8984,METROPOLITANA DE SANTIAGO,13,7,1646,871,775,1646,871,775,0,0,0,ESTACIÓN CENTRAL,SANTIAGO,131,13106
8985,,8985,METROPOLITANA DE SANTIAGO,13,8,1576,830,746,1576,830,746,0,0,0,ESTACIÓN CENTRAL,SANTIAGO,131,13106
8986,,8986,METROPOLITANA DE SANTIAGO,13,9,1548,796,752,1548,796,752,0,0,0,ESTACIÓN CENTRAL,SANTIAGO,131,13106
8987,,8987,METROPOLITANA DE SANTIAGO,13,10,1440,729,711,1440,729,711,0,0,0,ESTACIÓN CENTRAL,SANTIAGO,131,13106
8988,,8988,METROPOLITANA DE SANTIAGO,13,11,1413,700,713,1413,700,713,0,0,0,ESTACIÓN CENTRAL,SANTIAGO,131,13106
8989,,8989,METROPOLITANA DE SANTIAGO,13,12,1446,728,718,1446,728,718,0,0,0,ESTACIÓN CENTRAL,SANTIAGO,131,13106
8990,,8990,METROPOLITANA DE SANTIAGO,13,13,1369,704,665,1369,704,665,0,0,0,ESTACIÓN CENTRAL,SANTIAGO,131,13106
8991,,8991,METROPOLITANA DE SANTIAGO,13,14,1540,740,800,1540,740,800,0,0,0,ESTACIÓN CENTRAL,SANTIAGO,131,13106
8992,,8992,METROPOLITANA DE SANTIAGO,13,15,1516,759,757,1516,759,757,0,0,0,ESTACIÓN CENTRAL,SANTIAGO,131,13106
8993,,8993,METROPOLITANA DE SANTIAGO,13,16,1547,805,742,1547,805,742,0,0,0,ESTACIÓN CENTRAL,SANTIAGO,131,13106
8994,,8994,METROPOLITANA DE SANTIAGO,13,17,1636,835,801,1636,835,801,0,0,0,ESTACIÓN CENTRAL,SANTIAGO,131,13106
8995,,8995,METROPOLITANA DE SANTIAGO,13,18,1945,1007,938,1945,1007,938,0,0,0,ESTACIÓN CENTRAL,SANTIAGO,131,13106
8996,,8996,METROPOLITANA DE SANTIAGO,13,19,2061,1068,993,2061,1068,993,0,0,0,ESTACIÓN CENTRAL,SANTIAGO,131,13106
8997,,8997,METROPOLITANA DE SANTIAGO,13,20,2412,1194,1218,2412,1194,1218,0,0,0,ESTACIÓN CENTRAL,SANTIAGO,131,13106
8998,,8998,METROPOLITANA DE SANTIAGO,13,21,2545,1326,1219,2545,1326,1219,0,0,0,ESTACIÓN CENTRAL,SANTIAGO,131,13106
8999,,8999,METROPOLITANA DE SANTIAGO,13,22,2726,1440,1286,2726,1440,1286,0,0,0,ESTACIÓN CENTRAL,SANTIAGO,131,13106
9000,,9000,METROPOLITANA DE SANTIAGO,13,23,2944,1559,1385,2944,1559,1385,0,0,0,ESTACIÓN CENTRAL,SANTIAGO,131,13106
9001,,9001,METROPOLITANA DE SANTIAGO,13,24,3130,1634,1496,3130,1634,1496,0,0,0,ESTACIÓN CENTRAL,SANTIAGO,131,13106
9002,,9002,METROPOLITANA DE SANTIAGO,13,25,3252,1740,1512,3252,1740,1512,0,0,0,ESTACIÓN CENTRAL,SANTIAGO,131,13106
9003,,9003,METROPOLITANA DE SANTIAGO,13,26,3322,1767,1555,3322,1767,1555,0,0,0,ESTACIÓN CENTRAL,SANTIAGO,131,13106
9004,,9004,METROPOLITANA DE SANTIAGO,13,27,3368,1735,1633,3368,1735,1633,0,0,0,ESTACIÓN CENTRAL,SANTIAGO,131,13106
9005,,9005,METROPOLITANA DE SANTIAGO,13,28,3318,1807,1511,3318,1807,1511,0,0,0,ESTACIÓN CENTRAL,SANTIAGO,131,13106
9006,,9006,METROPOLITANA DE SANTIAGO,13,29,3032,1653,1379,3032,1653,1379,0,0,0,ESTACIÓN CENTRAL,SANTIAGO,131,13106
9007,,9007,METROPOLITANA DE SANTIAGO,13,30,2946,1553,1393,2946,1553,1393,0,0,0,ESTACIÓN CENTRAL,SANTIAGO,131,13106
9008,,9008,METROPOLITANA DE SANTIAGO,13,31,2733,1516,1217,2733,1516,1217,0,0,0,ESTACIÓN CENTRAL,SANTIAGO,131,13106
9009,,9009,METROPOLITANA DE SANTIAGO,13,32,2665,1459,1206,2665,1459,1206,0,0,0,ESTACIÓN CENTRAL,SANTIAGO,131,13106
9010,,9010,METROPOLITANA DE SANTIAGO,13,33,2323,1225,1098,2323,1225,1098,0,0,0,ESTACIÓN CENTRAL,SANTIAGO,131,13106
9011,,9011,METROPOLITANA DE SANTIAGO,13,34,2363,1283,1080,2363,1283,1080,0,0,0,ESTACIÓN CENTRAL,SANTIAGO,131,13106
9012,,9012,METROPOLITANA DE SANTIAGO,13,35,2431,1331,1100,2431,1331,1100,0,0,0,ESTACIÓN CENTRAL,SANTIAGO,131,13106
9013,,9013,METROPOLITANA DE SANTIAGO,13,36,2227,1180,1047,2227,1180,1047,0,0,0,ESTACIÓN CENTRAL,SANTIAGO,131,13106
9014,,9014,METROPOLITANA DE SANTIAGO,13,37,2118,1084,1034,2118,1084,1034,0,0,0,ESTACIÓN CENTRAL,SANTIAGO,131,13106
9015,,9015,METROPOLITANA DE SANTIAGO,13,38,2001,1061,940,2001,1061,940,0,0,0,ESTACIÓN CENTRAL,SANTIAGO,131,13106
9016,,9016,METROPOLITANA DE SANTIAGO,13,39,1859,988,871,1859,988,871,0,0,0,ESTACIÓN CENTRAL,SANTIAGO,131,13106
9017,,9017,METROPOLITANA DE SANTIAGO,13,40,1874,985,889,1874,985,889,0,0,0,ESTACIÓN CENTRAL,SANTIAGO,131,13106
9018,,9018,METROPOLITANA DE SANTIAGO,13,41,1925,1028,897,1925,1028,897,0,0,0,ESTACIÓN CENTRAL,SANTIAGO,131,13106
9019,,9019,METROPOLITANA DE SANTIAGO,13,42,1924,1038,886,1924,1038,886,0,0,0,ESTACIÓN CENTRAL,SANTIAGO,131,13106
9020,,9020,METROPOLITANA DE SANTIAGO,13,43,1915,1020,895,1915,1020,895,0,0,0,ESTACIÓN CENTRAL,SANTIAGO,131,13106
9021,,9021,METROPOLITANA DE SANTIAGO,13,44,1923,1020,903,1923,1020,903,0,0,0,ESTACIÓN CENTRAL,SANTIAGO,131,13106
9022,,9022,METROPOLITANA DE SANTIAGO,13,45,1972,1024,948,1972,1024,948,0,0,0,ESTACIÓN CENTRAL,SANTIAGO,131,13106
9023,,9023,METROPOLITANA DE SANTIAGO,13,46,1794,948,846,1794,948,846,0,0,0,ESTACIÓN CENTRAL,SANTIAGO,131,13106
9024,,9024,METROPOLITANA DE SANTIAGO,13,47,1642,789,853,1642,789,853,0,0,0,ESTACIÓN CENTRAL,SANTIAGO,131,13106
9025,,9025,METROPOLITANA DE SANTIAGO,13,48,1724,846,878,1724,846,878,0,0,0,ESTACIÓN CENTRAL,SANTIAGO,131,13106
9026,,9026,METROPOLITANA DE SANTIAGO,13,49,1833,907,926,1833,907,926,0,0,0,ESTACIÓN CENTRAL,SANTIAGO,131,13106
9027,,9027,METROPOLITANA DE SANTIAGO,13,50,1889,931,958,1889,931,958,0,0,0,ESTACIÓN CENTRAL,SANTIAGO,131,13106
9028,,9028,METROPOLITANA DE SANTIAGO,13,51,1935,925,1010,1935,925,1010,0,0,0,ESTACIÓN CENTRAL,SANTIAGO,131,13106
9029,,9029,METROPOLITANA DE SANTIAGO,13,52,1947,943,1004,1947,943,1004,0,0,0,ESTACIÓN CENTRAL,SANTIAGO,131,13106
9030,,9030,METROPOLITANA DE SANTIAGO,13,53,1946,918,1028,1946,918,1028,0,0,0,ESTACIÓN CENTRAL,SANTIAGO,131,13106
9031,,9031,METROPOLITANA DE SANTIAGO,13,54,1959,934,1025,1959,934,1025,0,0,0,ESTACIÓN CENTRAL,SANTIAGO,131,13106
9032,,9032,METROPOLITANA DE SANTIAGO,13,55,1780,838,942,1780,838,942,0,0,0,ESTACIÓN CENTRAL,SANTIAGO,131,13106
9033,,9033,METROPOLITANA DE SANTIAGO,13,56,1746,883,863,1746,883,863,0,0,0,ESTACIÓN CENTRAL,SANTIAGO,131,13106
9034,,9034,METROPOLITANA DE SANTIAGO,13,57,1660,802,858,1660,802,858,0,0,0,ESTACIÓN CENTRAL,SANTIAGO,131,13106
9035,,9035,METROPOLITANA DE SANTIAGO,13,58,1638,764,874,1638,764,874,0,0,0,ESTACIÓN CENTRAL,SANTIAGO,131,13106
9036,,9036,METROPOLITANA DE SANTIAGO,13,59,1541,691,850,1541,691,850,0,0,0,ESTACIÓN CENTRAL,SANTIAGO,131,13106
9037,,9037,METROPOLITANA DE SANTIAGO,13,60,1502,729,773,1502,729,773,0,0,0,ESTACIÓN CENTRAL,SANTIAGO,131,13106
9038,,9038,METROPOLITANA DE SANTIAGO,13,61,1355,636,719,1355,636,719,0,0,0,ESTACIÓN CENTRAL,SANTIAGO,131,13106
9039,,9039,METROPOLITANA DE SANTIAGO,13,62,1343,635,708,1343,635,708,0,0,0,ESTACIÓN CENTRAL,SANTIAGO,131,13106
9040,,9040,METROPOLITANA DE SANTIAGO,13,63,1260,587,673,1260,587,673,0,0,0,ESTACIÓN CENTRAL,SANTIAGO,131,13106
9041,,9041,METROPOLITANA DE SANTIAGO,13,64,1171,530,641,1171,530,641,0,0,0,ESTACIÓN CENTRAL,SANTIAGO,131,13106
9042,,9042,METROPOLITANA DE SANTIAGO,13,65,1070,480,590,1070,480,590,0,0,0,ESTACIÓN CENTRAL,SANTIAGO,131,13106
9043,,9043,METROPOLITANA DE SANTIAGO,13,66,1051,462,589,1051,462,589,0,0,0,ESTACIÓN CENTRAL,SANTIAGO,131,13106
9044,,9044,METROPOLITANA DE SANTIAGO,13,67,1000,436,564,1000,436,564,0,0,0,ESTACIÓN CENTRAL,SANTIAGO,131,13106
9045,,9045,METROPOLITANA DE SANTIAGO,13,68,996,429,567,996,429,567,0,0,0,ESTACIÓN CENTRAL,SANTIAGO,131,13106
9046,,9046,METROPOLITANA DE SANTIAGO,13,69,992,422,570,992,422,570,0,0,0,ESTACIÓN CENTRAL,SANTIAGO,131,13106
9047,,9047,METROPOLITANA DE SANTIAGO,13,70,994,438,556,994,438,556,0,0,0,ESTACIÓN CENTRAL,SANTIAGO,131,13106
9048,,9048,METROPOLITANA DE SANTIAGO,13,71,936,409,527,936,409,527,0,0,0,ESTACIÓN CENTRAL,SANTIAGO,131,13106
9049,,9049,METROPOLITANA DE SANTIAGO,13,72,868,339,529,868,339,529,0,0,0,ESTACIÓN CENTRAL,SANTIAGO,131,13106
9050,,9050,METROPOLITANA DE SANTIAGO,13,73,844,343,501,844,343,501,0,0,0,ESTACIÓN CENTRAL,SANTIAGO,131,13106
9051,,9051,METROPOLITANA DE SANTIAGO,13,74,845,359,486,845,359,486,0,0,0,ESTACIÓN CENTRAL,SANTIAGO,131,13106
9052,,9052,METROPOLITANA DE SANTIAGO,13,75,763,314,449,763,314,449,0,0,0,ESTACIÓN CENTRAL,SANTIAGO,131,13106
9053,,9053,METROPOLITANA DE SANTIAGO,13,76,733,292,441,733,292,441,0,0,0,ESTACIÓN CENTRAL,SANTIAGO,131,13106
9054,,9054,METROPOLITANA DE SANTIAGO,13,77,721,271,450,721,271,450,0,0,0,ESTACIÓN CENTRAL,SANTIAGO,131,13106
9055,,9055,METROPOLITANA DE SANTIAGO,13,78,616,248,368,616,248,368,0,0,0,ESTACIÓN CENTRAL,SANTIAGO,131,13106
9056,,9056,METROPOLITANA DE SANTIAGO,13,79,528,209,319,528,209,319,0,0,0,ESTACIÓN CENTRAL,SANTIAGO,131,13106
9057,,9057,METROPOLITANA DE SANTIAGO,13,80,473,192,281,473,192,281,0,0,0,ESTACIÓN CENTRAL,SANTIAGO,131,13106
9058,,9058,METROPOLITANA DE SANTIAGO,13,81,453,156,297,453,156,297,0,0,0,ESTACIÓN CENTRAL,SANTIAGO,131,13106
9059,,9059,METROPOLITANA DE SANTIAGO,13,82,479,177,302,479,177,302,0,0,0,ESTACIÓN CENTRAL,SANTIAGO,131,13106
9060,,9060,METROPOLITANA DE SANTIAGO,13,83,422,158,264,422,158,264,0,0,0,ESTACIÓN CENTRAL,SANTIAGO,131,13106
9061,,9061,METROPOLITANA DE SANTIAGO,13,84,397,140,257,397,140,257,0,0,0,ESTACIÓN CENTRAL,SANTIAGO,131,13106
9062,,9062,METROPOLITANA DE SANTIAGO,13,85,360,124,236,360,124,236,0,0,0,ESTACIÓN CENTRAL,SANTIAGO,131,13106
9063,,9063,METROPOLITANA DE SANTIAGO,13,86,349,114,235,349,114,235,0,0,0,ESTACIÓN CENTRAL,SANTIAGO,131,13106
9064,,9064,METROPOLITANA DE SANTIAGO,13,87,303,100,203,303,100,203,0,0,0,ESTACIÓN CENTRAL,SANTIAGO,131,13106
9065,,9065,METROPOLITANA DE SANTIAGO,13,88,254,73,181,254,73,181,0,0,0,ESTACIÓN CENTRAL,SANTIAGO,131,13106
9066,,9066,METROPOLITANA DE SANTIAGO,13,89,202,58,144,202,58,144,0,0,0,ESTACIÓN CENTRAL,SANTIAGO,131,13106
9067,,9067,METROPOLITANA DE SANTIAGO,13,90,167,48,119,167,48,119,0,0,0,ESTACIÓN CENTRAL,SANTIAGO,131,13106
9068,,9068,METROPOLITANA DE SANTIAGO,13,91,113,27,86,113,27,86,0,0,0,ESTACIÓN CENTRAL,SANTIAGO,131,13106
9069,,9069,METROPOLITANA DE SANTIAGO,13,92,129,47,82,129,47,82,0,0,0,ESTACIÓN CENTRAL,SANTIAGO,131,13106
9070,,9070,METROPOLITANA DE SANTIAGO,13,93,88,28,60,88,28,60,0,0,0,ESTACIÓN CENTRAL,SANTIAGO,131,13106
9071,,9071,METROPOLITANA DE SANTIAGO,13,94,70,22,48,70,22,48,0,0,0,ESTACIÓN CENTRAL,SANTIAGO,131,13106
9072,,9072,METROPOLITANA DE SANTIAGO,13,95,45,12,33,45,12,33,0,0,0,ESTACIÓN CENTRAL,SANTIAGO,131,13106
9073,,9073,METROPOLITANA DE SANTIAGO,13,96,38,10,28,38,10,28,0,0,0,ESTACIÓN CENTRAL,SANTIAGO,131,13106
9074,,9074,METROPOLITANA DE SANTIAGO,13,97,29,9,20,29,9,20,0,0,0,ESTACIÓN CENTRAL,SANTIAGO,131,13106
9075,,9075,METROPOLITANA DE SANTIAGO,13,98,24,3,21,24,3,21,0,0,0,ESTACIÓN CENTRAL,SANTIAGO,131,13106
9076,,9076,METROPOLITANA DE SANTIAGO,13,99,16,5,11,16,5,11,0,0,0,ESTACIÓN CENTRAL,SANTIAGO,131,13106
9077,,9077,METROPOLITANA DE SANTIAGO,13,100 o más,36,11,25,36,11,25,0,0,0,ESTACIÓN CENTRAL,SANTIAGO,131,13106
9078,,9078,METROPOLITANA DE SANTIAGO,13,Total Comuna,98671,48122,50549,98572,48069,50503,99,53,46,HUECHURABA,SANTIAGO,131,13107
9079,,9079,METROPOLITANA DE SANTIAGO,13,0,1292,643,649,1291,643,648,1,0,1,HUECHURABA,SANTIAGO,131,13107
9080,,9080,METROPOLITANA DE SANTIAGO,13,1,1493,727,766,1491,726,765,2,1,1,HUECHURABA,SANTIAGO,131,13107
9081,,9081,METROPOLITANA DE SANTIAGO,13,2,1501,779,722,1501,779,722,0,0,0,HUECHURABA,SANTIAGO,131,13107
9082,,9082,METROPOLITANA DE SANTIAGO,13,3,1516,759,757,1516,759,757,0,0,0,HUECHURABA,SANTIAGO,131,13107
9083,,9083,METROPOLITANA DE SANTIAGO,13,4,1587,802,785,1584,800,784,3,2,1,HUECHURABA,SANTIAGO,131,13107
9084,,9084,METROPOLITANA DE SANTIAGO,13,5,1560,815,745,1559,814,745,1,1,0,HUECHURABA,SANTIAGO,131,13107
9085,,9085,METROPOLITANA DE SANTIAGO,13,6,1638,882,756,1636,881,755,2,1,1,HUECHURABA,SANTIAGO,131,13107
9086,,9086,METROPOLITANA DE SANTIAGO,13,7,1603,790,813,1597,787,810,6,3,3,HUECHURABA,SANTIAGO,131,13107
9087,,9087,METROPOLITANA DE SANTIAGO,13,8,1655,838,817,1652,837,815,3,1,2,HUECHURABA,SANTIAGO,131,13107
9088,,9088,METROPOLITANA DE SANTIAGO,13,9,1603,818,785,1602,818,784,1,0,1,HUECHURABA,SANTIAGO,131,13107
9089,,9089,METROPOLITANA DE SANTIAGO,13,10,1555,796,759,1555,796,759,0,0,0,HUECHURABA,SANTIAGO,131,13107
9090,,9090,METROPOLITANA DE SANTIAGO,13,11,1556,801,755,1555,800,755,1,1,0,HUECHURABA,SANTIAGO,131,13107
9091,,9091,METROPOLITANA DE SANTIAGO,13,12,1459,742,717,1459,742,717,0,0,0,HUECHURABA,SANTIAGO,131,13107
9092,,9092,METROPOLITANA DE SANTIAGO,13,13,1475,776,699,1471,773,698,4,3,1,HUECHURABA,SANTIAGO,131,13107
9093,,9093,METROPOLITANA DE SANTIAGO,13,14,1498,769,729,1495,767,728,3,2,1,HUECHURABA,SANTIAGO,131,13107
9094,,9094,METROPOLITANA DE SANTIAGO,13,15,1532,744,788,1532,744,788,0,0,0,HUECHURABA,SANTIAGO,131,13107
9095,,9095,METROPOLITANA DE SANTIAGO,13,16,1624,831,793,1621,829,792,3,2,1,HUECHURABA,SANTIAGO,131,13107
9096,,9096,METROPOLITANA DE SANTIAGO,13,17,1422,703,719,1420,703,717,2,0,2,HUECHURABA,SANTIAGO,131,13107
9097,,9097,METROPOLITANA DE SANTIAGO,13,18,1522,745,777,1520,745,775,2,0,2,HUECHURABA,SANTIAGO,131,13107
9098,,9098,METROPOLITANA DE SANTIAGO,13,19,1442,731,711,1442,731,711,0,0,0,HUECHURABA,SANTIAGO,131,13107
9099,,9099,METROPOLITANA DE SANTIAGO,13,20,1491,762,729,1488,759,729,3,3,0,HUECHURABA,SANTIAGO,131,13107
9100,,9100,METROPOLITANA DE SANTIAGO,13,21,1517,768,749,1516,768,748,1,0,1,HUECHURABA,SANTIAGO,131,13107
9101,,9101,METROPOLITANA DE SANTIAGO,13,22,1583,780,803,1583,780,803,0,0,0,HUECHURABA,SANTIAGO,131,13107
9102,,9102,METROPOLITANA DE SANTIAGO,13,23,1467,740,727,1467,740,727,0,0,0,HUECHURABA,SANTIAGO,131,13107
9103,,9103,METROPOLITANA DE SANTIAGO,13,24,1451,748,703,1448,747,701,3,1,2,HUECHURABA,SANTIAGO,131,13107
9104,,9104,METROPOLITANA DE SANTIAGO,13,25,1467,732,735,1466,732,734,1,0,1,HUECHURABA,SANTIAGO,131,13107
9105,,9105,METROPOLITANA DE SANTIAGO,13,26,1423,732,691,1423,732,691,0,0,0,HUECHURABA,SANTIAGO,131,13107
9106,,9106,METROPOLITANA DE SANTIAGO,13,27,1422,725,697,1420,724,696,2,1,1,HUECHURABA,SANTIAGO,131,13107
9107,,9107,METROPOLITANA DE SANTIAGO,13,28,1360,688,672,1357,686,671,3,2,1,HUECHURABA,SANTIAGO,131,13107
9108,,9108,METROPOLITANA DE SANTIAGO,13,29,1287,629,658,1284,627,657,3,2,1,HUECHURABA,SANTIAGO,131,13107
9109,,9109,METROPOLITANA DE SANTIAGO,13,30,1258,591,667,1256,591,665,2,0,2,HUECHURABA,SANTIAGO,131,13107
9110,,9110,METROPOLITANA DE SANTIAGO,13,31,1333,642,691,1332,642,690,1,0,1,HUECHURABA,SANTIAGO,131,13107
9111,,9111,METROPOLITANA DE SANTIAGO,13,32,1204,591,613,1203,590,613,1,1,0,HUECHURABA,SANTIAGO,131,13107
9112,,9112,METROPOLITANA DE SANTIAGO,13,33,1325,656,669,1325,656,669,0,0,0,HUECHURABA,SANTIAGO,131,13107
9113,,9113,METROPOLITANA DE SANTIAGO,13,34,1370,637,733,1366,636,730,4,1,3,HUECHURABA,SANTIAGO,131,13107
9114,,9114,METROPOLITANA DE SANTIAGO,13,35,1471,715,756,1471,715,756,0,0,0,HUECHURABA,SANTIAGO,131,13107
9115,,9115,METROPOLITANA DE SANTIAGO,13,36,1417,691,726,1413,689,724,4,2,2,HUECHURABA,SANTIAGO,131,13107
9116,,9116,METROPOLITANA DE SANTIAGO,13,37,1482,722,760,1477,718,759,5,4,1,HUECHURABA,SANTIAGO,131,13107
9117,,9117,METROPOLITANA DE SANTIAGO,13,38,1438,681,757,1436,681,755,2,0,2,HUECHURABA,SANTIAGO,131,13107
9118,,9118,METROPOLITANA DE SANTIAGO,13,39,1435,703,732,1434,702,732,1,1,0,HUECHURABA,SANTIAGO,131,13107
9119,,9119,METROPOLITANA DE SANTIAGO,13,40,1565,727,838,1564,726,838,1,1,0,HUECHURABA,SANTIAGO,131,13107
9120,,9120,METROPOLITANA DE SANTIAGO,13,41,1617,733,884,1614,732,882,3,1,2,HUECHURABA,SANTIAGO,131,13107
9121,,9121,METROPOLITANA DE SANTIAGO,13,42,1624,789,835,1623,788,835,1,1,0,HUECHURABA,SANTIAGO,131,13107
9122,,9122,METROPOLITANA DE SANTIAGO,13,43,1751,864,887,1751,864,887,0,0,0,HUECHURABA,SANTIAGO,131,13107
9123,,9123,METROPOLITANA DE SANTIAGO,13,44,1715,809,906,1715,809,906,0,0,0,HUECHURABA,SANTIAGO,131,13107
9124,,9124,METROPOLITANA DE SANTIAGO,13,45,1711,827,884,1711,827,884,0,0,0,HUECHURABA,SANTIAGO,131,13107
9125,,9125,METROPOLITANA DE SANTIAGO,13,46,1594,762,832,1591,759,832,3,3,0,HUECHURABA,SANTIAGO,131,13107
9126,,9126,METROPOLITANA DE SANTIAGO,13,47,1522,779,743,1522,779,743,0,0,0,HUECHURABA,SANTIAGO,131,13107
9127,,9127,METROPOLITANA DE SANTIAGO,13,48,1492,734,758,1492,734,758,0,0,0,HUECHURABA,SANTIAGO,131,13107
9128,,9128,METROPOLITANA DE SANTIAGO,13,49,1539,760,779,1539,760,779,0,0,0,HUECHURABA,SANTIAGO,131,13107
9129,,9129,METROPOLITANA DE SANTIAGO,13,50,1411,715,696,1410,715,695,1,0,1,HUECHURABA,SANTIAGO,131,13107
9130,,9130,METROPOLITANA DE SANTIAGO,13,51,1325,635,690,1324,634,690,1,1,0,HUECHURABA,SANTIAGO,131,13107
9131,,9131,METROPOLITANA DE SANTIAGO,13,52,1336,675,661,1334,673,661,2,2,0,HUECHURABA,SANTIAGO,131,13107
9132,,9132,METROPOLITANA DE SANTIAGO,13,53,1209,616,593,1209,616,593,0,0,0,HUECHURABA,SANTIAGO,131,13107
9133,,9133,METROPOLITANA DE SANTIAGO,13,54,1189,581,608,1188,580,608,1,1,0,HUECHURABA,SANTIAGO,131,13107
9134,,9134,METROPOLITANA DE SANTIAGO,13,55,1033,523,510,1032,522,510,1,1,0,HUECHURABA,SANTIAGO,131,13107
9135,,9135,METROPOLITANA DE SANTIAGO,13,56,969,488,481,968,488,480,1,0,1,HUECHURABA,SANTIAGO,131,13107
9136,,9136,METROPOLITANA DE SANTIAGO,13,57,938,436,502,938,436,502,0,0,0,HUECHURABA,SANTIAGO,131,13107
9137,,9137,METROPOLITANA DE SANTIAGO,13,58,767,379,388,766,379,387,1,0,1,HUECHURABA,SANTIAGO,131,13107
9138,,9138,METROPOLITANA DE SANTIAGO,13,59,801,386,415,800,385,415,1,1,0,HUECHURABA,SANTIAGO,131,13107
9139,,9139,METROPOLITANA DE SANTIAGO,13,60,772,340,432,772,340,432,0,0,0,HUECHURABA,SANTIAGO,131,13107
9140,,9140,METROPOLITANA DE SANTIAGO,13,61,648,296,352,647,295,352,1,1,0,HUECHURABA,SANTIAGO,131,13107
9141,,9141,METROPOLITANA DE SANTIAGO,13,62,671,293,378,669,292,377,2,1,1,HUECHURABA,SANTIAGO,131,13107
9142,,9142,METROPOLITANA DE SANTIAGO,13,63,683,317,366,683,317,366,0,0,0,HUECHURABA,SANTIAGO,131,13107
9143,,9143,METROPOLITANA DE SANTIAGO,13,64,642,296,346,642,296,346,0,0,0,HUECHURABA,SANTIAGO,131,13107
9144,,9144,METROPOLITANA DE SANTIAGO,13,65,669,288,381,668,287,381,1,1,0,HUECHURABA,SANTIAGO,131,13107
9145,,9145,METROPOLITANA DE SANTIAGO,13,66,604,259,345,602,258,344,2,1,1,HUECHURABA,SANTIAGO,131,13107
9146,,9146,METROPOLITANA DE SANTIAGO,13,67,606,263,343,606,263,343,0,0,0,HUECHURABA,SANTIAGO,131,13107
9147,,9147,METROPOLITANA DE SANTIAGO,13,68,627,283,344,626,283,343,1,0,1,HUECHURABA,SANTIAGO,131,13107
9148,,9148,METROPOLITANA DE SANTIAGO,13,69,655,274,381,654,274,380,1,0,1,HUECHURABA,SANTIAGO,131,13107
9149,,9149,METROPOLITANA DE SANTIAGO,13,70,653,306,347,652,305,347,1,1,0,HUECHURABA,SANTIAGO,131,13107
9150,,9150,METROPOLITANA DE SANTIAGO,13,71,616,267,349,616,267,349,0,0,0,HUECHURABA,SANTIAGO,131,13107
9151,,9151,METROPOLITANA DE SANTIAGO,13,72,538,246,292,538,246,292,0,0,0,HUECHURABA,SANTIAGO,131,13107
9152,,9152,METROPOLITANA DE SANTIAGO,13,73,529,203,326,529,203,326,0,0,0,HUECHURABA,SANTIAGO,131,13107
9153,,9153,METROPOLITANA DE SANTIAGO,13,74,468,209,259,468,209,259,0,0,0,HUECHURABA,SANTIAGO,131,13107
9154,,9154,METROPOLITANA DE SANTIAGO,13,75,427,180,247,427,180,247,0,0,0,HUECHURABA,SANTIAGO,131,13107
9155,,9155,METROPOLITANA DE SANTIAGO,13,76,405,180,225,404,180,224,1,0,1,HUECHURABA,SANTIAGO,131,13107
9156,,9156,METROPOLITANA DE SANTIAGO,13,77,348,150,198,348,150,198,0,0,0,HUECHURABA,SANTIAGO,131,13107
9157,,9157,METROPOLITANA DE SANTIAGO,13,78,292,124,168,292,124,168,0,0,0,HUECHURABA,SANTIAGO,131,13107
9158,,9158,METROPOLITANA DE SANTIAGO,13,79,260,108,152,260,108,152,0,0,0,HUECHURABA,SANTIAGO,131,13107
9159,,9159,METROPOLITANA DE SANTIAGO,13,80,225,87,138,225,87,138,0,0,0,HUECHURABA,SANTIAGO,131,13107
9160,,9160,METROPOLITANA DE SANTIAGO,13,81,222,88,134,222,88,134,0,0,0,HUECHURABA,SANTIAGO,131,13107
9161,,9161,METROPOLITANA DE SANTIAGO,13,82,194,68,126,194,68,126,0,0,0,HUECHURABA,SANTIAGO,131,13107
9162,,9162,METROPOLITANA DE SANTIAGO,13,83,178,69,109,176,68,108,2,1,1,HUECHURABA,SANTIAGO,131,13107
9163,,9163,METROPOLITANA DE SANTIAGO,13,84,180,58,122,180,58,122,0,0,0,HUECHURABA,SANTIAGO,131,13107
9164,,9164,METROPOLITANA DE SANTIAGO,13,85,124,51,73,124,51,73,0,0,0,HUECHURABA,SANTIAGO,131,13107
9165,,9165,METROPOLITANA DE SANTIAGO,13,86,133,40,93,133,40,93,0,0,0,HUECHURABA,SANTIAGO,131,13107
9166,,9166,METROPOLITANA DE SANTIAGO,13,87,98,39,59,98,39,59,0,0,0,HUECHURABA,SANTIAGO,131,13107
9167,,9167,METROPOLITANA DE SANTIAGO,13,88,80,28,52,80,28,52,0,0,0,HUECHURABA,SANTIAGO,131,13107
9168,,9168,METROPOLITANA DE SANTIAGO,13,89,65,19,46,65,19,46,0,0,0,HUECHURABA,SANTIAGO,131,13107
9169,,9169,METROPOLITANA DE SANTIAGO,13,90,48,11,37,48,11,37,0,0,0,HUECHURABA,SANTIAGO,131,13107
9170,,9170,METROPOLITANA DE SANTIAGO,13,91,40,6,34,40,6,34,0,0,0,HUECHURABA,SANTIAGO,131,13107
9171,,9171,METROPOLITANA DE SANTIAGO,13,92,27,9,18,27,9,18,0,0,0,HUECHURABA,SANTIAGO,131,13107
9172,,9172,METROPOLITANA DE SANTIAGO,13,93,24,3,21,24,3,21,0,0,0,HUECHURABA,SANTIAGO,131,13107
9173,,9173,METROPOLITANA DE SANTIAGO,13,94,21,5,16,21,5,16,0,0,0,HUECHURABA,SANTIAGO,131,13107
9174,,9174,METROPOLITANA DE SANTIAGO,13,95,14,4,10,14,4,10,0,0,0,HUECHURABA,SANTIAGO,131,13107
9175,,9175,METROPOLITANA DE SANTIAGO,13,96,7,0,7,7,0,7,0,0,0,HUECHURABA,SANTIAGO,131,13107
9176,,9176,METROPOLITANA DE SANTIAGO,13,97,6,2,4,6,2,4,0,0,0,HUECHURABA,SANTIAGO,131,13107
9177,,9177,METROPOLITANA DE SANTIAGO,13,98,3,1,2,3,1,2,0,0,0,HUECHURABA,SANTIAGO,131,13107
9178,,9178,METROPOLITANA DE SANTIAGO,13,99,4,0,4,4,0,4,0,0,0,HUECHURABA,SANTIAGO,131,13107
9179,,9179,METROPOLITANA DE SANTIAGO,13,100 o más,23,10,13,23,10,13,0,0,0,HUECHURABA,SANTIAGO,131,13107
9180,,9180,METROPOLITANA DE SANTIAGO,13,Total Comuna,100281,49186,51095,100281,49186,51095,0,0,0,INDEPENDENCIA,SANTIAGO,131,13108
9181,,9181,METROPOLITANA DE SANTIAGO,13,0,1496,757,739,1496,757,739,0,0,0,INDEPENDENCIA,SANTIAGO,131,13108
9182,,9182,METROPOLITANA DE SANTIAGO,13,1,1383,701,682,1383,701,682,0,0,0,INDEPENDENCIA,SANTIAGO,131,13108
9183,,9183,METROPOLITANA DE SANTIAGO,13,2,1345,664,681,1345,664,681,0,0,0,INDEPENDENCIA,SANTIAGO,131,13108
9184,,9184,METROPOLITANA DE SANTIAGO,13,3,1204,615,589,1204,615,589,0,0,0,INDEPENDENCIA,SANTIAGO,131,13108
9185,,9185,METROPOLITANA DE SANTIAGO,13,4,1179,597,582,1179,597,582,0,0,0,INDEPENDENCIA,SANTIAGO,131,13108
9186,,9186,METROPOLITANA DE SANTIAGO,13,5,1151,575,576,1151,575,576,0,0,0,INDEPENDENCIA,SANTIAGO,131,13108
9187,,9187,METROPOLITANA DE SANTIAGO,13,6,1166,607,559,1166,607,559,0,0,0,INDEPENDENCIA,SANTIAGO,131,13108
9188,,9188,METROPOLITANA DE SANTIAGO,13,7,1089,546,543,1089,546,543,0,0,0,INDEPENDENCIA,SANTIAGO,131,13108
9189,,9189,METROPOLITANA DE SANTIAGO,13,8,1078,542,536,1078,542,536,0,0,0,INDEPENDENCIA,SANTIAGO,131,13108
9190,,9190,METROPOLITANA DE SANTIAGO,13,9,1080,557,523,1080,557,523,0,0,0,INDEPENDENCIA,SANTIAGO,131,13108
9191,,9191,METROPOLITANA DE SANTIAGO,13,10,936,467,469,936,467,469,0,0,0,INDEPENDENCIA,SANTIAGO,131,13108
9192,,9192,METROPOLITANA DE SANTIAGO,13,11,908,488,420,908,488,420,0,0,0,INDEPENDENCIA,SANTIAGO,131,13108
9193,,9193,METROPOLITANA DE SANTIAGO,13,12,928,484,444,928,484,444,0,0,0,INDEPENDENCIA,SANTIAGO,131,13108
9194,,9194,METROPOLITANA DE SANTIAGO,13,13,915,480,435,915,480,435,0,0,0,INDEPENDENCIA,SANTIAGO,131,13108
9195,,9195,METROPOLITANA DE SANTIAGO,13,14,976,491,485,976,491,485,0,0,0,INDEPENDENCIA,SANTIAGO,131,13108
9196,,9196,METROPOLITANA DE SANTIAGO,13,15,967,519,448,967,519,448,0,0,0,INDEPENDENCIA,SANTIAGO,131,13108
9197,,9197,METROPOLITANA DE SANTIAGO,13,16,988,540,448,988,540,448,0,0,0,INDEPENDENCIA,SANTIAGO,131,13108
9198,,9198,METROPOLITANA DE SANTIAGO,13,17,1055,567,488,1055,567,488,0,0,0,INDEPENDENCIA,SANTIAGO,131,13108
9199,,9199,METROPOLITANA DE SANTIAGO,13,18,1190,615,575,1190,615,575,0,0,0,INDEPENDENCIA,SANTIAGO,131,13108
9200,,9200,METROPOLITANA DE SANTIAGO,13,19,1318,684,634,1318,684,634,0,0,0,INDEPENDENCIA,SANTIAGO,131,13108
9201,,9201,METROPOLITANA DE SANTIAGO,13,20,1575,791,784,1575,791,784,0,0,0,INDEPENDENCIA,SANTIAGO,131,13108
9202,,9202,METROPOLITANA DE SANTIAGO,13,21,1832,933,899,1832,933,899,0,0,0,INDEPENDENCIA,SANTIAGO,131,13108
9203,,9203,METROPOLITANA DE SANTIAGO,13,22,1957,958,999,1957,958,999,0,0,0,INDEPENDENCIA,SANTIAGO,131,13108
9204,,9204,METROPOLITANA DE SANTIAGO,13,23,2081,1031,1050,2081,1031,1050,0,0,0,INDEPENDENCIA,SANTIAGO,131,13108
9205,,9205,METROPOLITANA DE SANTIAGO,13,24,2230,1152,1078,2230,1152,1078,0,0,0,INDEPENDENCIA,SANTIAGO,131,13108
9206,,9206,METROPOLITANA DE SANTIAGO,13,25,2354,1207,1147,2354,1207,1147,0,0,0,INDEPENDENCIA,SANTIAGO,131,13108
9207,,9207,METROPOLITANA DE SANTIAGO,13,26,2479,1284,1195,2479,1284,1195,0,0,0,INDEPENDENCIA,SANTIAGO,131,13108
9208,,9208,METROPOLITANA DE SANTIAGO,13,27,2527,1354,1173,2527,1354,1173,0,0,0,INDEPENDENCIA,SANTIAGO,131,13108
9209,,9209,METROPOLITANA DE SANTIAGO,13,28,2489,1270,1219,2489,1270,1219,0,0,0,INDEPENDENCIA,SANTIAGO,131,13108
9210,,9210,METROPOLITANA DE SANTIAGO,13,29,2350,1253,1097,2350,1253,1097,0,0,0,INDEPENDENCIA,SANTIAGO,131,13108
9211,,9211,METROPOLITANA DE SANTIAGO,13,30,2266,1210,1056,2266,1210,1056,0,0,0,INDEPENDENCIA,SANTIAGO,131,13108
9212,,9212,METROPOLITANA DE SANTIAGO,13,31,2056,1081,975,2056,1081,975,0,0,0,INDEPENDENCIA,SANTIAGO,131,13108
9213,,9213,METROPOLITANA DE SANTIAGO,13,32,1959,1031,928,1959,1031,928,0,0,0,INDEPENDENCIA,SANTIAGO,131,13108
9214,,9214,METROPOLITANA DE SANTIAGO,13,33,1841,970,871,1841,970,871,0,0,0,INDEPENDENCIA,SANTIAGO,131,13108
9215,,9215,METROPOLITANA DE SANTIAGO,13,34,1842,962,880,1842,962,880,0,0,0,INDEPENDENCIA,SANTIAGO,131,13108
9216,,9216,METROPOLITANA DE SANTIAGO,13,35,1778,918,860,1778,918,860,0,0,0,INDEPENDENCIA,SANTIAGO,131,13108
9217,,9217,METROPOLITANA DE SANTIAGO,13,36,1674,881,793,1674,881,793,0,0,0,INDEPENDENCIA,SANTIAGO,131,13108
9218,,9218,METROPOLITANA DE SANTIAGO,13,37,1616,850,766,1616,850,766,0,0,0,INDEPENDENCIA,SANTIAGO,131,13108
9219,,9219,METROPOLITANA DE SANTIAGO,13,38,1436,753,683,1436,753,683,0,0,0,INDEPENDENCIA,SANTIAGO,131,13108
9220,,9220,METROPOLITANA DE SANTIAGO,13,39,1444,722,722,1444,722,722,0,0,0,INDEPENDENCIA,SANTIAGO,131,13108
9221,,9221,METROPOLITANA DE SANTIAGO,13,40,1450,742,708,1450,742,708,0,0,0,INDEPENDENCIA,SANTIAGO,131,13108
9222,,9222,METROPOLITANA DE SANTIAGO,13,41,1413,673,740,1413,673,740,0,0,0,INDEPENDENCIA,SANTIAGO,131,13108
9223,,9223,METROPOLITANA DE SANTIAGO,13,42,1388,675,713,1388,675,713,0,0,0,INDEPENDENCIA,SANTIAGO,131,13108
9224,,9224,METROPOLITANA DE SANTIAGO,13,43,1330,678,652,1330,678,652,0,0,0,INDEPENDENCIA,SANTIAGO,131,13108
9225,,9225,METROPOLITANA DE SANTIAGO,13,44,1332,643,689,1332,643,689,0,0,0,INDEPENDENCIA,SANTIAGO,131,13108
9226,,9226,METROPOLITANA DE SANTIAGO,13,45,1227,594,633,1227,594,633,0,0,0,INDEPENDENCIA,SANTIAGO,131,13108
9227,,9227,METROPOLITANA DE SANTIAGO,13,46,1212,600,612,1212,600,612,0,0,0,INDEPENDENCIA,SANTIAGO,131,13108
9228,,9228,METROPOLITANA DE SANTIAGO,13,47,1181,531,650,1181,531,650,0,0,0,INDEPENDENCIA,SANTIAGO,131,13108
9229,,9229,METROPOLITANA DE SANTIAGO,13,48,1149,537,612,1149,537,612,0,0,0,INDEPENDENCIA,SANTIAGO,131,13108
9230,,9230,METROPOLITANA DE SANTIAGO,13,49,1049,497,552,1049,497,552,0,0,0,INDEPENDENCIA,SANTIAGO,131,13108
9231,,9231,METROPOLITANA DE SANTIAGO,13,50,1118,520,598,1118,520,598,0,0,0,INDEPENDENCIA,SANTIAGO,131,13108
9232,,9232,METROPOLITANA DE SANTIAGO,13,51,1021,516,505,1021,516,505,0,0,0,INDEPENDENCIA,SANTIAGO,131,13108
9233,,9233,METROPOLITANA DE SANTIAGO,13,52,1182,553,629,1182,553,629,0,0,0,INDEPENDENCIA,SANTIAGO,131,13108
9234,,9234,METROPOLITANA DE SANTIAGO,13,53,1125,532,593,1125,532,593,0,0,0,INDEPENDENCIA,SANTIAGO,131,13108
9235,,9235,METROPOLITANA DE SANTIAGO,13,54,1073,517,556,1073,517,556,0,0,0,INDEPENDENCIA,SANTIAGO,131,13108
9236,,9236,METROPOLITANA DE SANTIAGO,13,55,998,463,535,998,463,535,0,0,0,INDEPENDENCIA,SANTIAGO,131,13108
9237,,9237,METROPOLITANA DE SANTIAGO,13,56,988,439,549,988,439,549,0,0,0,INDEPENDENCIA,SANTIAGO,131,13108
9238,,9238,METROPOLITANA DE SANTIAGO,13,57,917,427,490,917,427,490,0,0,0,INDEPENDENCIA,SANTIAGO,131,13108
9239,,9239,METROPOLITANA DE SANTIAGO,13,58,931,391,540,931,391,540,0,0,0,INDEPENDENCIA,SANTIAGO,131,13108
9240,,9240,METROPOLITANA DE SANTIAGO,13,59,956,431,525,956,431,525,0,0,0,INDEPENDENCIA,SANTIAGO,131,13108
9241,,9241,METROPOLITANA DE SANTIAGO,13,60,923,424,499,923,424,499,0,0,0,INDEPENDENCIA,SANTIAGO,131,13108
9242,,9242,METROPOLITANA DE SANTIAGO,13,61,840,379,461,840,379,461,0,0,0,INDEPENDENCIA,SANTIAGO,131,13108
9243,,9243,METROPOLITANA DE SANTIAGO,13,62,806,347,459,806,347,459,0,0,0,INDEPENDENCIA,SANTIAGO,131,13108
9244,,9244,METROPOLITANA DE SANTIAGO,13,63,790,365,425,790,365,425,0,0,0,INDEPENDENCIA,SANTIAGO,131,13108
9245,,9245,METROPOLITANA DE SANTIAGO,13,64,739,332,407,739,332,407,0,0,0,INDEPENDENCIA,SANTIAGO,131,13108
9246,,9246,METROPOLITANA DE SANTIAGO,13,65,696,317,379,696,317,379,0,0,0,INDEPENDENCIA,SANTIAGO,131,13108
9247,,9247,METROPOLITANA DE SANTIAGO,13,66,680,309,371,680,309,371,0,0,0,INDEPENDENCIA,SANTIAGO,131,13108
9248,,9248,METROPOLITANA DE SANTIAGO,13,67,623,273,350,623,273,350,0,0,0,INDEPENDENCIA,SANTIAGO,131,13108
9249,,9249,METROPOLITANA DE SANTIAGO,13,68,633,276,357,633,276,357,0,0,0,INDEPENDENCIA,SANTIAGO,131,13108
9250,,9250,METROPOLITANA DE SANTIAGO,13,69,604,248,356,604,248,356,0,0,0,INDEPENDENCIA,SANTIAGO,131,13108
9251,,9251,METROPOLITANA DE SANTIAGO,13,70,590,247,343,590,247,343,0,0,0,INDEPENDENCIA,SANTIAGO,131,13108
9252,,9252,METROPOLITANA DE SANTIAGO,13,71,603,264,339,603,264,339,0,0,0,INDEPENDENCIA,SANTIAGO,131,13108
9253,,9253,METROPOLITANA DE SANTIAGO,13,72,589,263,326,589,263,326,0,0,0,INDEPENDENCIA,SANTIAGO,131,13108
9254,,9254,METROPOLITANA DE SANTIAGO,13,73,542,240,302,542,240,302,0,0,0,INDEPENDENCIA,SANTIAGO,131,13108
9255,,9255,METROPOLITANA DE SANTIAGO,13,74,497,188,309,497,188,309,0,0,0,INDEPENDENCIA,SANTIAGO,131,13108
9256,,9256,METROPOLITANA DE SANTIAGO,13,75,444,194,250,444,194,250,0,0,0,INDEPENDENCIA,SANTIAGO,131,13108
9257,,9257,METROPOLITANA DE SANTIAGO,13,76,422,159,263,422,159,263,0,0,0,INDEPENDENCIA,SANTIAGO,131,13108
9258,,9258,METROPOLITANA DE SANTIAGO,13,77,396,170,226,396,170,226,0,0,0,INDEPENDENCIA,SANTIAGO,131,13108
9259,,9259,METROPOLITANA DE SANTIAGO,13,78,348,133,215,348,133,215,0,0,0,INDEPENDENCIA,SANTIAGO,131,13108
9260,,9260,METROPOLITANA DE SANTIAGO,13,79,322,112,210,322,112,210,0,0,0,INDEPENDENCIA,SANTIAGO,131,13108
9261,,9261,METROPOLITANA DE SANTIAGO,13,80,299,116,183,299,116,183,0,0,0,INDEPENDENCIA,SANTIAGO,131,13108
9262,,9262,METROPOLITANA DE SANTIAGO,13,81,307,89,218,307,89,218,0,0,0,INDEPENDENCIA,SANTIAGO,131,13108
9263,,9263,METROPOLITANA DE SANTIAGO,13,82,249,97,152,249,97,152,0,0,0,INDEPENDENCIA,SANTIAGO,131,13108
9264,,9264,METROPOLITANA DE SANTIAGO,13,83,275,78,197,275,78,197,0,0,0,INDEPENDENCIA,SANTIAGO,131,13108
9265,,9265,METROPOLITANA DE SANTIAGO,13,84,269,75,194,269,75,194,0,0,0,INDEPENDENCIA,SANTIAGO,131,13108
9266,,9266,METROPOLITANA DE SANTIAGO,13,85,240,88,152,240,88,152,0,0,0,INDEPENDENCIA,SANTIAGO,131,13108
9267,,9267,METROPOLITANA DE SANTIAGO,13,86,230,68,162,230,68,162,0,0,0,INDEPENDENCIA,SANTIAGO,131,13108
9268,,9268,METROPOLITANA DE SANTIAGO,13,87,189,60,129,189,60,129,0,0,0,INDEPENDENCIA,SANTIAGO,131,13108
9269,,9269,METROPOLITANA DE SANTIAGO,13,88,191,54,137,191,54,137,0,0,0,INDEPENDENCIA,SANTIAGO,131,13108
9270,,9270,METROPOLITANA DE SANTIAGO,13,89,121,29,92,121,29,92,0,0,0,INDEPENDENCIA,SANTIAGO,131,13108
9271,,9271,METROPOLITANA DE SANTIAGO,13,90,126,25,101,126,25,101,0,0,0,INDEPENDENCIA,SANTIAGO,131,13108
9272,,9272,METROPOLITANA DE SANTIAGO,13,91,114,32,82,114,32,82,0,0,0,INDEPENDENCIA,SANTIAGO,131,13108
9273,,9273,METROPOLITANA DE SANTIAGO,13,92,98,11,87,98,11,87,0,0,0,INDEPENDENCIA,SANTIAGO,131,13108
9274,,9274,METROPOLITANA DE SANTIAGO,13,93,58,15,43,58,15,43,0,0,0,INDEPENDENCIA,SANTIAGO,131,13108
9275,,9275,METROPOLITANA DE SANTIAGO,13,94,67,9,58,67,9,58,0,0,0,INDEPENDENCIA,SANTIAGO,131,13108
9276,,9276,METROPOLITANA DE SANTIAGO,13,95,53,13,40,53,13,40,0,0,0,INDEPENDENCIA,SANTIAGO,131,13108
9277,,9277,METROPOLITANA DE SANTIAGO,13,96,27,5,22,27,5,22,0,0,0,INDEPENDENCIA,SANTIAGO,131,13108
9278,,9278,METROPOLITANA DE SANTIAGO,13,97,21,3,18,21,3,18,0,0,0,INDEPENDENCIA,SANTIAGO,131,13108
9279,,9279,METROPOLITANA DE SANTIAGO,13,98,25,3,22,25,3,22,0,0,0,INDEPENDENCIA,SANTIAGO,131,13108
9280,,9280,METROPOLITANA DE SANTIAGO,13,99,14,3,11,14,3,11,0,0,0,INDEPENDENCIA,SANTIAGO,131,13108
9281,,9281,METROPOLITANA DE SANTIAGO,13,100 o más,43,7,36,43,7,36,0,0,0,INDEPENDENCIA,SANTIAGO,131,13108
9282,,9282,METROPOLITANA DE SANTIAGO,13,Total Comuna,90119,43147,46972,90119,43147,46972,0,0,0,LA CISTERNA,SANTIAGO,131,13109
9283,,9283,METROPOLITANA DE SANTIAGO,13,0,1023,499,524,1023,499,524,0,0,0,LA CISTERNA,SANTIAGO,131,13109
9284,,9284,METROPOLITANA DE SANTIAGO,13,1,1138,618,520,1138,618,520,0,0,0,LA CISTERNA,SANTIAGO,131,13109
9285,,9285,METROPOLITANA DE SANTIAGO,13,2,1074,559,515,1074,559,515,0,0,0,LA CISTERNA,SANTIAGO,131,13109
9286,,9286,METROPOLITANA DE SANTIAGO,13,3,1094,551,543,1094,551,543,0,0,0,LA CISTERNA,SANTIAGO,131,13109
9287,,9287,METROPOLITANA DE SANTIAGO,13,4,1053,535,518,1053,535,518,0,0,0,LA CISTERNA,SANTIAGO,131,13109
9288,,9288,METROPOLITANA DE SANTIAGO,13,5,1099,589,510,1099,589,510,0,0,0,LA CISTERNA,SANTIAGO,131,13109
9289,,9289,METROPOLITANA DE SANTIAGO,13,6,1130,582,548,1130,582,548,0,0,0,LA CISTERNA,SANTIAGO,131,13109
9290,,9290,METROPOLITANA DE SANTIAGO,13,7,1179,608,571,1179,608,571,0,0,0,LA CISTERNA,SANTIAGO,131,13109
9291,,9291,METROPOLITANA DE SANTIAGO,13,8,1087,545,542,1087,545,542,0,0,0,LA CISTERNA,SANTIAGO,131,13109
9292,,9292,METROPOLITANA DE SANTIAGO,13,9,1103,571,532,1103,571,532,0,0,0,LA CISTERNA,SANTIAGO,131,13109
9293,,9293,METROPOLITANA DE SANTIAGO,13,10,1097,538,559,1097,538,559,0,0,0,LA CISTERNA,SANTIAGO,131,13109
9294,,9294,METROPOLITANA DE SANTIAGO,13,11,978,449,529,978,449,529,0,0,0,LA CISTERNA,SANTIAGO,131,13109
9295,,9295,METROPOLITANA DE SANTIAGO,13,12,1030,499,531,1030,499,531,0,0,0,LA CISTERNA,SANTIAGO,131,13109
9296,,9296,METROPOLITANA DE SANTIAGO,13,13,936,473,463,936,473,463,0,0,0,LA CISTERNA,SANTIAGO,131,13109
9297,,9297,METROPOLITANA DE SANTIAGO,13,14,1008,492,516,1008,492,516,0,0,0,LA CISTERNA,SANTIAGO,131,13109
9298,,9298,METROPOLITANA DE SANTIAGO,13,15,1071,531,540,1071,531,540,0,0,0,LA CISTERNA,SANTIAGO,131,13109
9299,,9299,METROPOLITANA DE SANTIAGO,13,16,1079,528,551,1079,528,551,0,0,0,LA CISTERNA,SANTIAGO,131,13109
9300,,9300,METROPOLITANA DE SANTIAGO,13,17,1102,554,548,1102,554,548,0,0,0,LA CISTERNA,SANTIAGO,131,13109
9301,,9301,METROPOLITANA DE SANTIAGO,13,18,1166,592,574,1166,592,574,0,0,0,LA CISTERNA,SANTIAGO,131,13109
9302,,9302,METROPOLITANA DE SANTIAGO,13,19,1268,634,634,1268,634,634,0,0,0,LA CISTERNA,SANTIAGO,131,13109
9303,,9303,METROPOLITANA DE SANTIAGO,13,20,1353,719,634,1353,719,634,0,0,0,LA CISTERNA,SANTIAGO,131,13109
9304,,9304,METROPOLITANA DE SANTIAGO,13,21,1451,757,694,1451,757,694,0,0,0,LA CISTERNA,SANTIAGO,131,13109
9305,,9305,METROPOLITANA DE SANTIAGO,13,22,1319,647,672,1319,647,672,0,0,0,LA CISTERNA,SANTIAGO,131,13109
9306,,9306,METROPOLITANA DE SANTIAGO,13,23,1485,750,735,1485,750,735,0,0,0,LA CISTERNA,SANTIAGO,131,13109
9307,,9307,METROPOLITANA DE SANTIAGO,13,24,1441,777,664,1441,777,664,0,0,0,LA CISTERNA,SANTIAGO,131,13109
9308,,9308,METROPOLITANA DE SANTIAGO,13,25,1524,776,748,1524,776,748,0,0,0,LA CISTERNA,SANTIAGO,131,13109
9309,,9309,METROPOLITANA DE SANTIAGO,13,26,1621,819,802,1621,819,802,0,0,0,LA CISTERNA,SANTIAGO,131,13109
9310,,9310,METROPOLITANA DE SANTIAGO,13,27,1754,899,855,1754,899,855,0,0,0,LA CISTERNA,SANTIAGO,131,13109
9311,,9311,METROPOLITANA DE SANTIAGO,13,28,1632,800,832,1632,800,832,0,0,0,LA CISTERNA,SANTIAGO,131,13109
9312,,9312,METROPOLITANA DE SANTIAGO,13,29,1596,776,820,1596,776,820,0,0,0,LA CISTERNA,SANTIAGO,131,13109
9313,,9313,METROPOLITANA DE SANTIAGO,13,30,1579,811,768,1579,811,768,0,0,0,LA CISTERNA,SANTIAGO,131,13109
9314,,9314,METROPOLITANA DE SANTIAGO,13,31,1477,744,733,1477,744,733,0,0,0,LA CISTERNA,SANTIAGO,131,13109
9315,,9315,METROPOLITANA DE SANTIAGO,13,32,1417,725,692,1417,725,692,0,0,0,LA CISTERNA,SANTIAGO,131,13109
9316,,9316,METROPOLITANA DE SANTIAGO,13,33,1347,693,654,1347,693,654,0,0,0,LA CISTERNA,SANTIAGO,131,13109
9317,,9317,METROPOLITANA DE SANTIAGO,13,34,1416,699,717,1416,699,717,0,0,0,LA CISTERNA,SANTIAGO,131,13109
9318,,9318,METROPOLITANA DE SANTIAGO,13,35,1421,704,717,1421,704,717,0,0,0,LA CISTERNA,SANTIAGO,131,13109
9319,,9319,METROPOLITANA DE SANTIAGO,13,36,1290,652,638,1290,652,638,0,0,0,LA CISTERNA,SANTIAGO,131,13109
9320,,9320,METROPOLITANA DE SANTIAGO,13,37,1215,602,613,1215,602,613,0,0,0,LA CISTERNA,SANTIAGO,131,13109
9321,,9321,METROPOLITANA DE SANTIAGO,13,38,1150,577,573,1150,577,573,0,0,0,LA CISTERNA,SANTIAGO,131,13109
9322,,9322,METROPOLITANA DE SANTIAGO,13,39,1073,507,566,1073,507,566,0,0,0,LA CISTERNA,SANTIAGO,131,13109
9323,,9323,METROPOLITANA DE SANTIAGO,13,40,1106,558,548,1106,558,548,0,0,0,LA CISTERNA,SANTIAGO,131,13109
9324,,9324,METROPOLITANA DE SANTIAGO,13,41,1127,547,580,1127,547,580,0,0,0,LA CISTERNA,SANTIAGO,131,13109
9325,,9325,METROPOLITANA DE SANTIAGO,13,42,1146,551,595,1146,551,595,0,0,0,LA CISTERNA,SANTIAGO,131,13109
9326,,9326,METROPOLITANA DE SANTIAGO,13,43,1190,609,581,1190,609,581,0,0,0,LA CISTERNA,SANTIAGO,131,13109
9327,,9327,METROPOLITANA DE SANTIAGO,13,44,1149,546,603,1149,546,603,0,0,0,LA CISTERNA,SANTIAGO,131,13109
9328,,9328,METROPOLITANA DE SANTIAGO,13,45,1127,552,575,1127,552,575,0,0,0,LA CISTERNA,SANTIAGO,131,13109
9329,,9329,METROPOLITANA DE SANTIAGO,13,46,1076,517,559,1076,517,559,0,0,0,LA CISTERNA,SANTIAGO,131,13109
9330,,9330,METROPOLITANA DE SANTIAGO,13,47,1114,505,609,1114,505,609,0,0,0,LA CISTERNA,SANTIAGO,131,13109
9331,,9331,METROPOLITANA DE SANTIAGO,13,48,1115,524,591,1115,524,591,0,0,0,LA CISTERNA,SANTIAGO,131,13109
9332,,9332,METROPOLITANA DE SANTIAGO,13,49,1078,528,550,1078,528,550,0,0,0,LA CISTERNA,SANTIAGO,131,13109
9333,,9333,METROPOLITANA DE SANTIAGO,13,50,1123,520,603,1123,520,603,0,0,0,LA CISTERNA,SANTIAGO,131,13109
9334,,9334,METROPOLITANA DE SANTIAGO,13,51,1090,509,581,1090,509,581,0,0,0,LA CISTERNA,SANTIAGO,131,13109
9335,,9335,METROPOLITANA DE SANTIAGO,13,52,1107,529,578,1107,529,578,0,0,0,LA CISTERNA,SANTIAGO,131,13109
9336,,9336,METROPOLITANA DE SANTIAGO,13,53,1108,510,598,1108,510,598,0,0,0,LA CISTERNA,SANTIAGO,131,13109
9337,,9337,METROPOLITANA DE SANTIAGO,13,54,1202,584,618,1202,584,618,0,0,0,LA CISTERNA,SANTIAGO,131,13109
9338,,9338,METROPOLITANA DE SANTIAGO,13,55,1109,502,607,1109,502,607,0,0,0,LA CISTERNA,SANTIAGO,131,13109
9339,,9339,METROPOLITANA DE SANTIAGO,13,56,1170,549,621,1170,549,621,0,0,0,LA CISTERNA,SANTIAGO,131,13109
9340,,9340,METROPOLITANA DE SANTIAGO,13,57,1085,507,578,1085,507,578,0,0,0,LA CISTERNA,SANTIAGO,131,13109
9341,,9341,METROPOLITANA DE SANTIAGO,13,58,1069,475,594,1069,475,594,0,0,0,LA CISTERNA,SANTIAGO,131,13109
9342,,9342,METROPOLITANA DE SANTIAGO,13,59,1068,504,564,1068,504,564,0,0,0,LA CISTERNA,SANTIAGO,131,13109
9343,,9343,METROPOLITANA DE SANTIAGO,13,60,1009,434,575,1009,434,575,0,0,0,LA CISTERNA,SANTIAGO,131,13109
9344,,9344,METROPOLITANA DE SANTIAGO,13,61,949,443,506,949,443,506,0,0,0,LA CISTERNA,SANTIAGO,131,13109
9345,,9345,METROPOLITANA DE SANTIAGO,13,62,891,388,503,891,388,503,0,0,0,LA CISTERNA,SANTIAGO,131,13109
9346,,9346,METROPOLITANA DE SANTIAGO,13,63,866,414,452,866,414,452,0,0,0,LA CISTERNA,SANTIAGO,131,13109
9347,,9347,METROPOLITANA DE SANTIAGO,13,64,824,355,469,824,355,469,0,0,0,LA CISTERNA,SANTIAGO,131,13109
9348,,9348,METROPOLITANA DE SANTIAGO,13,65,792,354,438,792,354,438,0,0,0,LA CISTERNA,SANTIAGO,131,13109
9349,,9349,METROPOLITANA DE SANTIAGO,13,66,777,349,428,777,349,428,0,0,0,LA CISTERNA,SANTIAGO,131,13109
9350,,9350,METROPOLITANA DE SANTIAGO,13,67,786,362,424,786,362,424,0,0,0,LA CISTERNA,SANTIAGO,131,13109
9351,,9351,METROPOLITANA DE SANTIAGO,13,68,689,299,390,689,299,390,0,0,0,LA CISTERNA,SANTIAGO,131,13109
9352,,9352,METROPOLITANA DE SANTIAGO,13,69,710,292,418,710,292,418,0,0,0,LA CISTERNA,SANTIAGO,131,13109
9353,,9353,METROPOLITANA DE SANTIAGO,13,70,681,289,392,681,289,392,0,0,0,LA CISTERNA,SANTIAGO,131,13109
9354,,9354,METROPOLITANA DE SANTIAGO,13,71,673,288,385,673,288,385,0,0,0,LA CISTERNA,SANTIAGO,131,13109
9355,,9355,METROPOLITANA DE SANTIAGO,13,72,591,263,328,591,263,328,0,0,0,LA CISTERNA,SANTIAGO,131,13109
9356,,9356,METROPOLITANA DE SANTIAGO,13,73,617,263,354,617,263,354,0,0,0,LA CISTERNA,SANTIAGO,131,13109
9357,,9357,METROPOLITANA DE SANTIAGO,13,74,559,238,321,559,238,321,0,0,0,LA CISTERNA,SANTIAGO,131,13109
9358,,9358,METROPOLITANA DE SANTIAGO,13,75,509,204,305,509,204,305,0,0,0,LA CISTERNA,SANTIAGO,131,13109
9359,,9359,METROPOLITANA DE SANTIAGO,13,76,520,183,337,520,183,337,0,0,0,LA CISTERNA,SANTIAGO,131,13109
9360,,9360,METROPOLITANA DE SANTIAGO,13,77,518,216,302,518,216,302,0,0,0,LA CISTERNA,SANTIAGO,131,13109
9361,,9361,METROPOLITANA DE SANTIAGO,13,78,449,168,281,449,168,281,0,0,0,LA CISTERNA,SANTIAGO,131,13109
9362,,9362,METROPOLITANA DE SANTIAGO,13,79,399,140,259,399,140,259,0,0,0,LA CISTERNA,SANTIAGO,131,13109
9363,,9363,METROPOLITANA DE SANTIAGO,13,80,408,159,249,408,159,249,0,0,0,LA CISTERNA,SANTIAGO,131,13109
9364,,9364,METROPOLITANA DE SANTIAGO,13,81,368,127,241,368,127,241,0,0,0,LA CISTERNA,SANTIAGO,131,13109
9365,,9365,METROPOLITANA DE SANTIAGO,13,82,352,132,220,352,132,220,0,0,0,LA CISTERNA,SANTIAGO,131,13109
9366,,9366,METROPOLITANA DE SANTIAGO,13,83,336,136,200,336,136,200,0,0,0,LA CISTERNA,SANTIAGO,131,13109
9367,,9367,METROPOLITANA DE SANTIAGO,13,84,305,106,199,305,106,199,0,0,0,LA CISTERNA,SANTIAGO,131,13109
9368,,9368,METROPOLITANA DE SANTIAGO,13,85,297,102,195,297,102,195,0,0,0,LA CISTERNA,SANTIAGO,131,13109
9369,,9369,METROPOLITANA DE SANTIAGO,13,86,301,85,216,301,85,216,0,0,0,LA CISTERNA,SANTIAGO,131,13109
9370,,9370,METROPOLITANA DE SANTIAGO,13,87,224,59,165,224,59,165,0,0,0,LA CISTERNA,SANTIAGO,131,13109
9371,,9371,METROPOLITANA DE SANTIAGO,13,88,239,67,172,239,67,172,0,0,0,LA CISTERNA,SANTIAGO,131,13109
9372,,9372,METROPOLITANA DE SANTIAGO,13,89,180,59,121,180,59,121,0,0,0,LA CISTERNA,SANTIAGO,131,13109
9373,,9373,METROPOLITANA DE SANTIAGO,13,90,162,44,118,162,44,118,0,0,0,LA CISTERNA,SANTIAGO,131,13109
9374,,9374,METROPOLITANA DE SANTIAGO,13,91,87,21,66,87,21,66,0,0,0,LA CISTERNA,SANTIAGO,131,13109
9375,,9375,METROPOLITANA DE SANTIAGO,13,92,103,29,74,103,29,74,0,0,0,LA CISTERNA,SANTIAGO,131,13109
9376,,9376,METROPOLITANA DE SANTIAGO,13,93,78,20,58,78,20,58,0,0,0,LA CISTERNA,SANTIAGO,131,13109
9377,,9377,METROPOLITANA DE SANTIAGO,13,94,72,17,55,72,17,55,0,0,0,LA CISTERNA,SANTIAGO,131,13109
9378,,9378,METROPOLITANA DE SANTIAGO,13,95,51,12,39,51,12,39,0,0,0,LA CISTERNA,SANTIAGO,131,13109
9379,,9379,METROPOLITANA DE SANTIAGO,13,96,29,5,24,29,5,24,0,0,0,LA CISTERNA,SANTIAGO,131,13109
9380,,9380,METROPOLITANA DE SANTIAGO,13,97,25,5,20,25,5,20,0,0,0,LA CISTERNA,SANTIAGO,131,13109
9381,,9381,METROPOLITANA DE SANTIAGO,13,98,13,1,12,13,1,12,0,0,0,LA CISTERNA,SANTIAGO,131,13109
9382,,9382,METROPOLITANA DE SANTIAGO,13,99,13,1,12,13,1,12,0,0,0,LA CISTERNA,SANTIAGO,131,13109
9383,,9383,METROPOLITANA DE SANTIAGO,13,100 o más,32,11,21,32,11,21,0,0,0,LA CISTERNA,SANTIAGO,131,13109
9384,,9384,METROPOLITANA DE SANTIAGO,13,Total Comuna,366916,175693,191223,366799,175626,191173,117,67,50,LA FLORIDA,SANTIAGO,131,13110
9385,,9385,METROPOLITANA DE SANTIAGO,13,0,4138,2116,2022,4135,2113,2022,3,3,0,LA FLORIDA,SANTIAGO,131,13110
9386,,9386,METROPOLITANA DE SANTIAGO,13,1,4417,2303,2114,4415,2302,2113,2,1,1,LA FLORIDA,SANTIAGO,131,13110
9387,,9387,METROPOLITANA DE SANTIAGO,13,2,4518,2282,2236,4518,2282,2236,0,0,0,LA FLORIDA,SANTIAGO,131,13110
9388,,9388,METROPOLITANA DE SANTIAGO,13,3,4540,2331,2209,4539,2330,2209,1,1,0,LA FLORIDA,SANTIAGO,131,13110
9389,,9389,METROPOLITANA DE SANTIAGO,13,4,4649,2381,2268,4646,2379,2267,3,2,1,LA FLORIDA,SANTIAGO,131,13110
9390,,9390,METROPOLITANA DE SANTIAGO,13,5,4489,2333,2156,4486,2332,2154,3,1,2,LA FLORIDA,SANTIAGO,131,13110
9391,,9391,METROPOLITANA DE SANTIAGO,13,6,4856,2456,2400,4854,2454,2400,2,2,0,LA FLORIDA,SANTIAGO,131,13110
9392,,9392,METROPOLITANA DE SANTIAGO,13,7,4631,2367,2264,4628,2365,2263,3,2,1,LA FLORIDA,SANTIAGO,131,13110
9393,,9393,METROPOLITANA DE SANTIAGO,13,8,4594,2369,2225,4592,2367,2225,2,2,0,LA FLORIDA,SANTIAGO,131,13110
9394,,9394,METROPOLITANA DE SANTIAGO,13,9,4454,2274,2180,4454,2274,2180,0,0,0,LA FLORIDA,SANTIAGO,131,13110
9395,,9395,METROPOLITANA DE SANTIAGO,13,10,4279,2143,2136,4277,2142,2135,2,1,1,LA FLORIDA,SANTIAGO,131,13110
9396,,9396,METROPOLITANA DE SANTIAGO,13,11,4434,2249,2185,4434,2249,2185,0,0,0,LA FLORIDA,SANTIAGO,131,13110
9397,,9397,METROPOLITANA DE SANTIAGO,13,12,4287,2208,2079,4284,2207,2077,3,1,2,LA FLORIDA,SANTIAGO,131,13110
9398,,9398,METROPOLITANA DE SANTIAGO,13,13,4481,2311,2170,4480,2310,2170,1,1,0,LA FLORIDA,SANTIAGO,131,13110
9399,,9399,METROPOLITANA DE SANTIAGO,13,14,4524,2304,2220,4523,2304,2219,1,0,1,LA FLORIDA,SANTIAGO,131,13110
9400,,9400,METROPOLITANA DE SANTIAGO,13,15,4742,2367,2375,4739,2364,2375,3,3,0,LA FLORIDA,SANTIAGO,131,13110
9401,,9401,METROPOLITANA DE SANTIAGO,13,16,4926,2496,2430,4924,2495,2429,2,1,1,LA FLORIDA,SANTIAGO,131,13110
9402,,9402,METROPOLITANA DE SANTIAGO,13,17,4929,2555,2374,4929,2555,2374,0,0,0,LA FLORIDA,SANTIAGO,131,13110
9403,,9403,METROPOLITANA DE SANTIAGO,13,18,5016,2532,2484,5015,2532,2483,1,0,1,LA FLORIDA,SANTIAGO,131,13110
9404,,9404,METROPOLITANA DE SANTIAGO,13,19,5233,2631,2602,5231,2629,2602,2,2,0,LA FLORIDA,SANTIAGO,131,13110
9405,,9405,METROPOLITANA DE SANTIAGO,13,20,5487,2759,2728,5483,2756,2727,4,3,1,LA FLORIDA,SANTIAGO,131,13110
9406,,9406,METROPOLITANA DE SANTIAGO,13,21,5554,2786,2768,5551,2786,2765,3,0,3,LA FLORIDA,SANTIAGO,131,13110
9407,,9407,METROPOLITANA DE SANTIAGO,13,22,5943,3036,2907,5940,3035,2905,3,1,2,LA FLORIDA,SANTIAGO,131,13110
9408,,9408,METROPOLITANA DE SANTIAGO,13,23,5902,3008,2894,5901,3008,2893,1,0,1,LA FLORIDA,SANTIAGO,131,13110
9409,,9409,METROPOLITANA DE SANTIAGO,13,24,6085,3077,3008,6084,3077,3007,1,0,1,LA FLORIDA,SANTIAGO,131,13110
9410,,9410,METROPOLITANA DE SANTIAGO,13,25,6261,3232,3029,6259,3230,3029,2,2,0,LA FLORIDA,SANTIAGO,131,13110
9411,,9411,METROPOLITANA DE SANTIAGO,13,26,6435,3271,3164,6435,3271,3164,0,0,0,LA FLORIDA,SANTIAGO,131,13110
9412,,9412,METROPOLITANA DE SANTIAGO,13,27,6492,3291,3201,6491,3290,3201,1,1,0,LA FLORIDA,SANTIAGO,131,13110
9413,,9413,METROPOLITANA DE SANTIAGO,13,28,6055,3065,2990,6053,3064,2989,2,1,1,LA FLORIDA,SANTIAGO,131,13110
9414,,9414,METROPOLITANA DE SANTIAGO,13,29,5864,2924,2940,5863,2924,2939,1,0,1,LA FLORIDA,SANTIAGO,131,13110
9415,,9415,METROPOLITANA DE SANTIAGO,13,30,5685,2825,2860,5685,2825,2860,0,0,0,LA FLORIDA,SANTIAGO,131,13110
9416,,9416,METROPOLITANA DE SANTIAGO,13,31,5468,2729,2739,5467,2729,2738,1,0,1,LA FLORIDA,SANTIAGO,131,13110
9417,,9417,METROPOLITANA DE SANTIAGO,13,32,5239,2588,2651,5235,2588,2647,4,0,4,LA FLORIDA,SANTIAGO,131,13110
9418,,9418,METROPOLITANA DE SANTIAGO,13,33,5250,2589,2661,5246,2586,2660,4,3,1,LA FLORIDA,SANTIAGO,131,13110
9419,,9419,METROPOLITANA DE SANTIAGO,13,34,5472,2752,2720,5471,2751,2720,1,1,0,LA FLORIDA,SANTIAGO,131,13110
9420,,9420,METROPOLITANA DE SANTIAGO,13,35,5537,2710,2827,5535,2708,2827,2,2,0,LA FLORIDA,SANTIAGO,131,13110
9421,,9421,METROPOLITANA DE SANTIAGO,13,36,5074,2526,2548,5074,2526,2548,0,0,0,LA FLORIDA,SANTIAGO,131,13110
9422,,9422,METROPOLITANA DE SANTIAGO,13,37,5042,2423,2619,5037,2421,2616,5,2,3,LA FLORIDA,SANTIAGO,131,13110
9423,,9423,METROPOLITANA DE SANTIAGO,13,38,4789,2406,2383,4788,2405,2383,1,1,0,LA FLORIDA,SANTIAGO,131,13110
9424,,9424,METROPOLITANA DE SANTIAGO,13,39,4594,2264,2330,4590,2261,2329,4,3,1,LA FLORIDA,SANTIAGO,131,13110
9425,,9425,METROPOLITANA DE SANTIAGO,13,40,4700,2325,2375,4697,2324,2373,3,1,2,LA FLORIDA,SANTIAGO,131,13110
9426,,9426,METROPOLITANA DE SANTIAGO,13,41,4819,2348,2471,4819,2348,2471,0,0,0,LA FLORIDA,SANTIAGO,131,13110
9427,,9427,METROPOLITANA DE SANTIAGO,13,42,5069,2393,2676,5066,2390,2676,3,3,0,LA FLORIDA,SANTIAGO,131,13110
9428,,9428,METROPOLITANA DE SANTIAGO,13,43,5200,2470,2730,5199,2469,2730,1,1,0,LA FLORIDA,SANTIAGO,131,13110
9429,,9429,METROPOLITANA DE SANTIAGO,13,44,4942,2429,2513,4941,2428,2513,1,1,0,LA FLORIDA,SANTIAGO,131,13110
9430,,9430,METROPOLITANA DE SANTIAGO,13,45,4940,2349,2591,4937,2348,2589,3,1,2,LA FLORIDA,SANTIAGO,131,13110
9431,,9431,METROPOLITANA DE SANTIAGO,13,46,4610,2201,2409,4610,2201,2409,0,0,0,LA FLORIDA,SANTIAGO,131,13110
9432,,9432,METROPOLITANA DE SANTIAGO,13,47,4465,2102,2363,4463,2101,2362,2,1,1,LA FLORIDA,SANTIAGO,131,13110
9433,,9433,METROPOLITANA DE SANTIAGO,13,48,4503,2086,2417,4502,2086,2416,1,0,1,LA FLORIDA,SANTIAGO,131,13110
9434,,9434,METROPOLITANA DE SANTIAGO,13,49,4542,2192,2350,4540,2191,2349,2,1,1,LA FLORIDA,SANTIAGO,131,13110
9435,,9435,METROPOLITANA DE SANTIAGO,13,50,4481,2126,2355,4481,2126,2355,0,0,0,LA FLORIDA,SANTIAGO,131,13110
9436,,9436,METROPOLITANA DE SANTIAGO,13,51,4562,2133,2429,4560,2132,2428,2,1,1,LA FLORIDA,SANTIAGO,131,13110
9437,,9437,METROPOLITANA DE SANTIAGO,13,52,4702,2122,2580,4702,2122,2580,0,0,0,LA FLORIDA,SANTIAGO,131,13110
9438,,9438,METROPOLITANA DE SANTIAGO,13,53,4790,2149,2641,4789,2149,2640,1,0,1,LA FLORIDA,SANTIAGO,131,13110
9439,,9439,METROPOLITANA DE SANTIAGO,13,54,4942,2208,2734,4940,2207,2733,2,1,1,LA FLORIDA,SANTIAGO,131,13110
9440,,9440,METROPOLITANA DE SANTIAGO,13,55,4820,2126,2694,4818,2125,2693,2,1,1,LA FLORIDA,SANTIAGO,131,13110
9441,,9441,METROPOLITANA DE SANTIAGO,13,56,4731,2005,2726,4731,2005,2726,0,0,0,LA FLORIDA,SANTIAGO,131,13110
9442,,9442,METROPOLITANA DE SANTIAGO,13,57,4664,2098,2566,4662,2097,2565,2,1,1,LA FLORIDA,SANTIAGO,131,13110
9443,,9443,METROPOLITANA DE SANTIAGO,13,58,4611,2062,2549,4610,2062,2548,1,0,1,LA FLORIDA,SANTIAGO,131,13110
9444,,9444,METROPOLITANA DE SANTIAGO,13,59,4618,2016,2602,4617,2015,2602,1,1,0,LA FLORIDA,SANTIAGO,131,13110
9445,,9445,METROPOLITANA DE SANTIAGO,13,60,4586,1966,2620,4586,1966,2620,0,0,0,LA FLORIDA,SANTIAGO,131,13110
9446,,9446,METROPOLITANA DE SANTIAGO,13,61,4177,1831,2346,4175,1830,2345,2,1,1,LA FLORIDA,SANTIAGO,131,13110
9447,,9447,METROPOLITANA DE SANTIAGO,13,62,4061,1771,2290,4060,1771,2289,1,0,1,LA FLORIDA,SANTIAGO,131,13110
9448,,9448,METROPOLITANA DE SANTIAGO,13,63,4133,1845,2288,4131,1843,2288,2,2,0,LA FLORIDA,SANTIAGO,131,13110
9449,,9449,METROPOLITANA DE SANTIAGO,13,64,3793,1694,2099,3792,1693,2099,1,1,0,LA FLORIDA,SANTIAGO,131,13110
9450,,9450,METROPOLITANA DE SANTIAGO,13,65,3599,1644,1955,3599,1644,1955,0,0,0,LA FLORIDA,SANTIAGO,131,13110
9451,,9451,METROPOLITANA DE SANTIAGO,13,66,3363,1476,1887,3363,1476,1887,0,0,0,LA FLORIDA,SANTIAGO,131,13110
9452,,9452,METROPOLITANA DE SANTIAGO,13,67,3393,1495,1898,3393,1495,1898,0,0,0,LA FLORIDA,SANTIAGO,131,13110
9453,,9453,METROPOLITANA DE SANTIAGO,13,68,3182,1432,1750,3179,1431,1748,3,1,2,LA FLORIDA,SANTIAGO,131,13110
9454,,9454,METROPOLITANA DE SANTIAGO,13,69,3171,1380,1791,3171,1380,1791,0,0,0,LA FLORIDA,SANTIAGO,131,13110
9455,,9455,METROPOLITANA DE SANTIAGO,13,70,2933,1255,1678,2931,1254,1677,2,1,1,LA FLORIDA,SANTIAGO,131,13110
9456,,9456,METROPOLITANA DE SANTIAGO,13,71,2837,1264,1573,2836,1263,1573,1,1,0,LA FLORIDA,SANTIAGO,131,13110
9457,,9457,METROPOLITANA DE SANTIAGO,13,72,2578,1129,1449,2578,1129,1449,0,0,0,LA FLORIDA,SANTIAGO,131,13110
9458,,9458,METROPOLITANA DE SANTIAGO,13,73,2339,975,1364,2338,974,1364,1,1,0,LA FLORIDA,SANTIAGO,131,13110
9459,,9459,METROPOLITANA DE SANTIAGO,13,74,2191,948,1243,2191,948,1243,0,0,0,LA FLORIDA,SANTIAGO,131,13110
9460,,9460,METROPOLITANA DE SANTIAGO,13,75,2030,831,1199,2029,830,1199,1,1,0,LA FLORIDA,SANTIAGO,131,13110
9461,,9461,METROPOLITANA DE SANTIAGO,13,76,1817,780,1037,1815,779,1036,2,1,1,LA FLORIDA,SANTIAGO,131,13110
9462,,9462,METROPOLITANA DE SANTIAGO,13,77,1624,669,955,1624,669,955,0,0,0,LA FLORIDA,SANTIAGO,131,13110
9463,,9463,METROPOLITANA DE SANTIAGO,13,78,1349,554,795,1349,554,795,0,0,0,LA FLORIDA,SANTIAGO,131,13110
9464,,9464,METROPOLITANA DE SANTIAGO,13,79,1252,503,749,1252,503,749,0,0,0,LA FLORIDA,SANTIAGO,131,13110
9465,,9465,METROPOLITANA DE SANTIAGO,13,80,1224,462,762,1224,462,762,0,0,0,LA FLORIDA,SANTIAGO,131,13110
9466,,9466,METROPOLITANA DE SANTIAGO,13,81,1050,376,674,1050,376,674,0,0,0,LA FLORIDA,SANTIAGO,131,13110
9467,,9467,METROPOLITANA DE SANTIAGO,13,82,904,300,604,904,300,604,0,0,0,LA FLORIDA,SANTIAGO,131,13110
9468,,9468,METROPOLITANA DE SANTIAGO,13,83,852,287,565,852,287,565,0,0,0,LA FLORIDA,SANTIAGO,131,13110
9469,,9469,METROPOLITANA DE SANTIAGO,13,84,866,289,577,866,289,577,0,0,0,LA FLORIDA,SANTIAGO,131,13110
9470,,9470,METROPOLITANA DE SANTIAGO,13,85,738,249,489,738,249,489,0,0,0,LA FLORIDA,SANTIAGO,131,13110
9471,,9471,METROPOLITANA DE SANTIAGO,13,86,699,209,490,699,209,490,0,0,0,LA FLORIDA,SANTIAGO,131,13110
9472,,9472,METROPOLITANA DE SANTIAGO,13,87,624,199,425,624,199,425,0,0,0,LA FLORIDA,SANTIAGO,131,13110
9473,,9473,METROPOLITANA DE SANTIAGO,13,88,538,156,382,538,156,382,0,0,0,LA FLORIDA,SANTIAGO,131,13110
9474,,9474,METROPOLITANA DE SANTIAGO,13,89,436,137,299,436,137,299,0,0,0,LA FLORIDA,SANTIAGO,131,13110
9475,,9475,METROPOLITANA DE SANTIAGO,13,90,344,83,261,344,83,261,0,0,0,LA FLORIDA,SANTIAGO,131,13110
9476,,9476,METROPOLITANA DE SANTIAGO,13,91,261,71,190,261,71,190,0,0,0,LA FLORIDA,SANTIAGO,131,13110
9477,,9477,METROPOLITANA DE SANTIAGO,13,92,217,62,155,217,62,155,0,0,0,LA FLORIDA,SANTIAGO,131,13110
9478,,9478,METROPOLITANA DE SANTIAGO,13,93,172,40,132,172,40,132,0,0,0,LA FLORIDA,SANTIAGO,131,13110
9479,,9479,METROPOLITANA DE SANTIAGO,13,94,129,20,109,129,20,109,0,0,0,LA FLORIDA,SANTIAGO,131,13110
9480,,9480,METROPOLITANA DE SANTIAGO,13,95,95,26,69,95,26,69,0,0,0,LA FLORIDA,SANTIAGO,131,13110
9481,,9481,METROPOLITANA DE SANTIAGO,13,96,75,13,62,75,13,62,0,0,0,LA FLORIDA,SANTIAGO,131,13110
9482,,9482,METROPOLITANA DE SANTIAGO,13,97,44,15,29,44,15,29,0,0,0,LA FLORIDA,SANTIAGO,131,13110
9483,,9483,METROPOLITANA DE SANTIAGO,13,98,45,11,34,45,11,34,0,0,0,LA FLORIDA,SANTIAGO,131,13110
9484,,9484,METROPOLITANA DE SANTIAGO,13,99,19,5,14,19,5,14,0,0,0,LA FLORIDA,SANTIAGO,131,13110
9485,,9485,METROPOLITANA DE SANTIAGO,13,100 o más,100,32,68,100,32,68,0,0,0,LA FLORIDA,SANTIAGO,131,13110
9486,,9486,METROPOLITANA DE SANTIAGO,13,Total Comuna,116571,57025,59546,116571,57025,59546,0,0,0,LA GRANJA,SANTIAGO,131,13111
9487,,9487,METROPOLITANA DE SANTIAGO,13,0,1389,698,691,1389,698,691,0,0,0,LA GRANJA,SANTIAGO,131,13111
9488,,9488,METROPOLITANA DE SANTIAGO,13,1,1601,835,766,1601,835,766,0,0,0,LA GRANJA,SANTIAGO,131,13111
9489,,9489,METROPOLITANA DE SANTIAGO,13,2,1550,776,774,1550,776,774,0,0,0,LA GRANJA,SANTIAGO,131,13111
9490,,9490,METROPOLITANA DE SANTIAGO,13,3,1591,808,783,1591,808,783,0,0,0,LA GRANJA,SANTIAGO,131,13111
9491,,9491,METROPOLITANA DE SANTIAGO,13,4,1515,775,740,1515,775,740,0,0,0,LA GRANJA,SANTIAGO,131,13111
9492,,9492,METROPOLITANA DE SANTIAGO,13,5,1519,803,716,1519,803,716,0,0,0,LA GRANJA,SANTIAGO,131,13111
9493,,9493,METROPOLITANA DE SANTIAGO,13,6,1606,811,795,1606,811,795,0,0,0,LA GRANJA,SANTIAGO,131,13111
9494,,9494,METROPOLITANA DE SANTIAGO,13,7,1544,781,763,1544,781,763,0,0,0,LA GRANJA,SANTIAGO,131,13111
9495,,9495,METROPOLITANA DE SANTIAGO,13,8,1465,763,702,1465,763,702,0,0,0,LA GRANJA,SANTIAGO,131,13111
9496,,9496,METROPOLITANA DE SANTIAGO,13,9,1488,776,712,1488,776,712,0,0,0,LA GRANJA,SANTIAGO,131,13111
9497,,9497,METROPOLITANA DE SANTIAGO,13,10,1398,733,665,1398,733,665,0,0,0,LA GRANJA,SANTIAGO,131,13111
9498,,9498,METROPOLITANA DE SANTIAGO,13,11,1464,756,708,1464,756,708,0,0,0,LA GRANJA,SANTIAGO,131,13111
9499,,9499,METROPOLITANA DE SANTIAGO,13,12,1406,707,699,1406,707,699,0,0,0,LA GRANJA,SANTIAGO,131,13111
9500,,9500,METROPOLITANA DE SANTIAGO,13,13,1485,767,718,1485,767,718,0,0,0,LA GRANJA,SANTIAGO,131,13111
9501,,9501,METROPOLITANA DE SANTIAGO,13,14,1536,794,742,1536,794,742,0,0,0,LA GRANJA,SANTIAGO,131,13111
9502,,9502,METROPOLITANA DE SANTIAGO,13,15,1591,808,783,1591,808,783,0,0,0,LA GRANJA,SANTIAGO,131,13111
9503,,9503,METROPOLITANA DE SANTIAGO,13,16,1610,832,778,1610,832,778,0,0,0,LA GRANJA,SANTIAGO,131,13111
9504,,9504,METROPOLITANA DE SANTIAGO,13,17,1668,850,818,1668,850,818,0,0,0,LA GRANJA,SANTIAGO,131,13111
9505,,9505,METROPOLITANA DE SANTIAGO,13,18,1724,850,874,1724,850,874,0,0,0,LA GRANJA,SANTIAGO,131,13111
9506,,9506,METROPOLITANA DE SANTIAGO,13,19,1742,856,886,1742,856,886,0,0,0,LA GRANJA,SANTIAGO,131,13111
9507,,9507,METROPOLITANA DE SANTIAGO,13,20,1832,920,912,1832,920,912,0,0,0,LA GRANJA,SANTIAGO,131,13111
9508,,9508,METROPOLITANA DE SANTIAGO,13,21,1870,972,898,1870,972,898,0,0,0,LA GRANJA,SANTIAGO,131,13111
9509,,9509,METROPOLITANA DE SANTIAGO,13,22,1952,998,954,1952,998,954,0,0,0,LA GRANJA,SANTIAGO,131,13111
9510,,9510,METROPOLITANA DE SANTIAGO,13,23,2062,1063,999,2062,1063,999,0,0,0,LA GRANJA,SANTIAGO,131,13111
9511,,9511,METROPOLITANA DE SANTIAGO,13,24,2050,1028,1022,2050,1028,1022,0,0,0,LA GRANJA,SANTIAGO,131,13111
9512,,9512,METROPOLITANA DE SANTIAGO,13,25,2121,1084,1037,2121,1084,1037,0,0,0,LA GRANJA,SANTIAGO,131,13111
9513,,9513,METROPOLITANA DE SANTIAGO,13,26,2009,1007,1002,2009,1007,1002,0,0,0,LA GRANJA,SANTIAGO,131,13111
9514,,9514,METROPOLITANA DE SANTIAGO,13,27,1994,1028,966,1994,1028,966,0,0,0,LA GRANJA,SANTIAGO,131,13111
9515,,9515,METROPOLITANA DE SANTIAGO,13,28,1931,987,944,1931,987,944,0,0,0,LA GRANJA,SANTIAGO,131,13111
9516,,9516,METROPOLITANA DE SANTIAGO,13,29,1794,913,881,1794,913,881,0,0,0,LA GRANJA,SANTIAGO,131,13111
9517,,9517,METROPOLITANA DE SANTIAGO,13,30,1725,878,847,1725,878,847,0,0,0,LA GRANJA,SANTIAGO,131,13111
9518,,9518,METROPOLITANA DE SANTIAGO,13,31,1671,859,812,1671,859,812,0,0,0,LA GRANJA,SANTIAGO,131,13111
9519,,9519,METROPOLITANA DE SANTIAGO,13,32,1591,848,743,1591,848,743,0,0,0,LA GRANJA,SANTIAGO,131,13111
9520,,9520,METROPOLITANA DE SANTIAGO,13,33,1512,761,751,1512,761,751,0,0,0,LA GRANJA,SANTIAGO,131,13111
9521,,9521,METROPOLITANA DE SANTIAGO,13,34,1589,812,777,1589,812,777,0,0,0,LA GRANJA,SANTIAGO,131,13111
9522,,9522,METROPOLITANA DE SANTIAGO,13,35,1575,817,758,1575,817,758,0,0,0,LA GRANJA,SANTIAGO,131,13111
9523,,9523,METROPOLITANA DE SANTIAGO,13,36,1524,776,748,1524,776,748,0,0,0,LA GRANJA,SANTIAGO,131,13111
9524,,9524,METROPOLITANA DE SANTIAGO,13,37,1373,695,678,1373,695,678,0,0,0,LA GRANJA,SANTIAGO,131,13111
9525,,9525,METROPOLITANA DE SANTIAGO,13,38,1229,638,591,1229,638,591,0,0,0,LA GRANJA,SANTIAGO,131,13111
9526,,9526,METROPOLITANA DE SANTIAGO,13,39,1248,629,619,1248,629,619,0,0,0,LA GRANJA,SANTIAGO,131,13111
9527,,9527,METROPOLITANA DE SANTIAGO,13,40,1274,652,622,1274,652,622,0,0,0,LA GRANJA,SANTIAGO,131,13111
9528,,9528,METROPOLITANA DE SANTIAGO,13,41,1317,652,665,1317,652,665,0,0,0,LA GRANJA,SANTIAGO,131,13111
9529,,9529,METROPOLITANA DE SANTIAGO,13,42,1398,697,701,1398,697,701,0,0,0,LA GRANJA,SANTIAGO,131,13111
9530,,9530,METROPOLITANA DE SANTIAGO,13,43,1368,690,678,1368,690,678,0,0,0,LA GRANJA,SANTIAGO,131,13111
9531,,9531,METROPOLITANA DE SANTIAGO,13,44,1343,641,702,1343,641,702,0,0,0,LA GRANJA,SANTIAGO,131,13111
9532,,9532,METROPOLITANA DE SANTIAGO,13,45,1365,690,675,1365,690,675,0,0,0,LA GRANJA,SANTIAGO,131,13111
9533,,9533,METROPOLITANA DE SANTIAGO,13,46,1297,642,655,1297,642,655,0,0,0,LA GRANJA,SANTIAGO,131,13111
9534,,9534,METROPOLITANA DE SANTIAGO,13,47,1279,654,625,1279,654,625,0,0,0,LA GRANJA,SANTIAGO,131,13111
9535,,9535,METROPOLITANA DE SANTIAGO,13,48,1348,655,693,1348,655,693,0,0,0,LA GRANJA,SANTIAGO,131,13111
9536,,9536,METROPOLITANA DE SANTIAGO,13,49,1355,645,710,1355,645,710,0,0,0,LA GRANJA,SANTIAGO,131,13111
9537,,9537,METROPOLITANA DE SANTIAGO,13,50,1447,679,768,1447,679,768,0,0,0,LA GRANJA,SANTIAGO,131,13111
9538,,9538,METROPOLITANA DE SANTIAGO,13,51,1592,771,821,1592,771,821,0,0,0,LA GRANJA,SANTIAGO,131,13111
9539,,9539,METROPOLITANA DE SANTIAGO,13,52,1665,776,889,1665,776,889,0,0,0,LA GRANJA,SANTIAGO,131,13111
9540,,9540,METROPOLITANA DE SANTIAGO,13,53,1717,780,937,1717,780,937,0,0,0,LA GRANJA,SANTIAGO,131,13111
9541,,9541,METROPOLITANA DE SANTIAGO,13,54,1814,824,990,1814,824,990,0,0,0,LA GRANJA,SANTIAGO,131,13111
9542,,9542,METROPOLITANA DE SANTIAGO,13,55,1780,811,969,1780,811,969,0,0,0,LA GRANJA,SANTIAGO,131,13111
9543,,9543,METROPOLITANA DE SANTIAGO,13,56,1811,833,978,1811,833,978,0,0,0,LA GRANJA,SANTIAGO,131,13111
9544,,9544,METROPOLITANA DE SANTIAGO,13,57,1736,831,905,1736,831,905,0,0,0,LA GRANJA,SANTIAGO,131,13111
9545,,9545,METROPOLITANA DE SANTIAGO,13,58,1709,775,934,1709,775,934,0,0,0,LA GRANJA,SANTIAGO,131,13111
9546,,9546,METROPOLITANA DE SANTIAGO,13,59,1622,753,869,1622,753,869,0,0,0,LA GRANJA,SANTIAGO,131,13111
9547,,9547,METROPOLITANA DE SANTIAGO,13,60,1638,760,878,1638,760,878,0,0,0,LA GRANJA,SANTIAGO,131,13111
9548,,9548,METROPOLITANA DE SANTIAGO,13,61,1489,667,822,1489,667,822,0,0,0,LA GRANJA,SANTIAGO,131,13111
9549,,9549,METROPOLITANA DE SANTIAGO,13,62,1290,612,678,1290,612,678,0,0,0,LA GRANJA,SANTIAGO,131,13111
9550,,9550,METROPOLITANA DE SANTIAGO,13,63,1255,612,643,1255,612,643,0,0,0,LA GRANJA,SANTIAGO,131,13111
9551,,9551,METROPOLITANA DE SANTIAGO,13,64,1208,598,610,1208,598,610,0,0,0,LA GRANJA,SANTIAGO,131,13111
9552,,9552,METROPOLITANA DE SANTIAGO,13,65,1118,531,587,1118,531,587,0,0,0,LA GRANJA,SANTIAGO,131,13111
9553,,9553,METROPOLITANA DE SANTIAGO,13,66,973,473,500,973,473,500,0,0,0,LA GRANJA,SANTIAGO,131,13111
9554,,9554,METROPOLITANA DE SANTIAGO,13,67,963,455,508,963,455,508,0,0,0,LA GRANJA,SANTIAGO,131,13111
9555,,9555,METROPOLITANA DE SANTIAGO,13,68,930,451,479,930,451,479,0,0,0,LA GRANJA,SANTIAGO,131,13111
9556,,9556,METROPOLITANA DE SANTIAGO,13,69,879,428,451,879,428,451,0,0,0,LA GRANJA,SANTIAGO,131,13111
9557,,9557,METROPOLITANA DE SANTIAGO,13,70,786,384,402,786,384,402,0,0,0,LA GRANJA,SANTIAGO,131,13111
9558,,9558,METROPOLITANA DE SANTIAGO,13,71,715,317,398,715,317,398,0,0,0,LA GRANJA,SANTIAGO,131,13111
9559,,9559,METROPOLITANA DE SANTIAGO,13,72,689,286,403,689,286,403,0,0,0,LA GRANJA,SANTIAGO,131,13111
9560,,9560,METROPOLITANA DE SANTIAGO,13,73,567,252,315,567,252,315,0,0,0,LA GRANJA,SANTIAGO,131,13111
9561,,9561,METROPOLITANA DE SANTIAGO,13,74,571,242,329,571,242,329,0,0,0,LA GRANJA,SANTIAGO,131,13111
9562,,9562,METROPOLITANA DE SANTIAGO,13,75,470,200,270,470,200,270,0,0,0,LA GRANJA,SANTIAGO,131,13111
9563,,9563,METROPOLITANA DE SANTIAGO,13,76,437,168,269,437,168,269,0,0,0,LA GRANJA,SANTIAGO,131,13111
9564,,9564,METROPOLITANA DE SANTIAGO,13,77,504,200,304,504,200,304,0,0,0,LA GRANJA,SANTIAGO,131,13111
9565,,9565,METROPOLITANA DE SANTIAGO,13,78,409,156,253,409,156,253,0,0,0,LA GRANJA,SANTIAGO,131,13111
9566,,9566,METROPOLITANA DE SANTIAGO,13,79,370,135,235,370,135,235,0,0,0,LA GRANJA,SANTIAGO,131,13111
9567,,9567,METROPOLITANA DE SANTIAGO,13,80,411,146,265,411,146,265,0,0,0,LA GRANJA,SANTIAGO,131,13111
9568,,9568,METROPOLITANA DE SANTIAGO,13,81,389,130,259,389,130,259,0,0,0,LA GRANJA,SANTIAGO,131,13111
9569,,9569,METROPOLITANA DE SANTIAGO,13,82,349,120,229,349,120,229,0,0,0,LA GRANJA,SANTIAGO,131,13111
9570,,9570,METROPOLITANA DE SANTIAGO,13,83,286,87,199,286,87,199,0,0,0,LA GRANJA,SANTIAGO,131,13111
9571,,9571,METROPOLITANA DE SANTIAGO,13,84,337,126,211,337,126,211,0,0,0,LA GRANJA,SANTIAGO,131,13111
9572,,9572,METROPOLITANA DE SANTIAGO,13,85,316,114,202,316,114,202,0,0,0,LA GRANJA,SANTIAGO,131,13111
9573,,9573,METROPOLITANA DE SANTIAGO,13,86,312,101,211,312,101,211,0,0,0,LA GRANJA,SANTIAGO,131,13111
9574,,9574,METROPOLITANA DE SANTIAGO,13,87,245,81,164,245,81,164,0,0,0,LA GRANJA,SANTIAGO,131,13111
9575,,9575,METROPOLITANA DE SANTIAGO,13,88,199,57,142,199,57,142,0,0,0,LA GRANJA,SANTIAGO,131,13111
9576,,9576,METROPOLITANA DE SANTIAGO,13,89,173,58,115,173,58,115,0,0,0,LA GRANJA,SANTIAGO,131,13111
9577,,9577,METROPOLITANA DE SANTIAGO,13,90,131,34,97,131,34,97,0,0,0,LA GRANJA,SANTIAGO,131,13111
9578,,9578,METROPOLITANA DE SANTIAGO,13,91,92,29,63,92,29,63,0,0,0,LA GRANJA,SANTIAGO,131,13111
9579,,9579,METROPOLITANA DE SANTIAGO,13,92,86,21,65,86,21,65,0,0,0,LA GRANJA,SANTIAGO,131,13111
9580,,9580,METROPOLITANA DE SANTIAGO,13,93,47,14,33,47,14,33,0,0,0,LA GRANJA,SANTIAGO,131,13111
9581,,9581,METROPOLITANA DE SANTIAGO,13,94,50,11,39,50,11,39,0,0,0,LA GRANJA,SANTIAGO,131,13111
9582,,9582,METROPOLITANA DE SANTIAGO,13,95,24,1,23,24,1,23,0,0,0,LA GRANJA,SANTIAGO,131,13111
9583,,9583,METROPOLITANA DE SANTIAGO,13,96,16,5,11,16,5,11,0,0,0,LA GRANJA,SANTIAGO,131,13111
9584,,9584,METROPOLITANA DE SANTIAGO,13,97,15,5,10,15,5,10,0,0,0,LA GRANJA,SANTIAGO,131,13111
9585,,9585,METROPOLITANA DE SANTIAGO,13,98,9,2,7,9,2,7,0,0,0,LA GRANJA,SANTIAGO,131,13111
9586,,9586,METROPOLITANA DE SANTIAGO,13,99,6,4,2,6,4,2,0,0,0,LA GRANJA,SANTIAGO,131,13111
9587,,9587,METROPOLITANA DE SANTIAGO,13,100 o más,36,9,27,36,9,27,0,0,0,LA GRANJA,SANTIAGO,131,13111
9588,,9588,METROPOLITANA DE SANTIAGO,13,Total Comuna,177335,87044,90291,177335,87044,90291,0,0,0,LA PINTANA,SANTIAGO,131,13112
9589,,9589,METROPOLITANA DE SANTIAGO,13,0,2559,1304,1255,2559,1304,1255,0,0,0,LA PINTANA,SANTIAGO,131,13112
9590,,9590,METROPOLITANA DE SANTIAGO,13,1,2825,1469,1356,2825,1469,1356,0,0,0,LA PINTANA,SANTIAGO,131,13112
9591,,9591,METROPOLITANA DE SANTIAGO,13,2,2899,1480,1419,2899,1480,1419,0,0,0,LA PINTANA,SANTIAGO,131,13112
9592,,9592,METROPOLITANA DE SANTIAGO,13,3,2906,1502,1404,2906,1502,1404,0,0,0,LA PINTANA,SANTIAGO,131,13112
9593,,9593,METROPOLITANA DE SANTIAGO,13,4,2792,1443,1349,2792,1443,1349,0,0,0,LA PINTANA,SANTIAGO,131,13112
9594,,9594,METROPOLITANA DE SANTIAGO,13,5,2819,1391,1428,2819,1391,1428,0,0,0,LA PINTANA,SANTIAGO,131,13112
9595,,9595,METROPOLITANA DE SANTIAGO,13,6,2899,1504,1395,2899,1504,1395,0,0,0,LA PINTANA,SANTIAGO,131,13112
9596,,9596,METROPOLITANA DE SANTIAGO,13,7,2943,1481,1462,2943,1481,1462,0,0,0,LA PINTANA,SANTIAGO,131,13112
9597,,9597,METROPOLITANA DE SANTIAGO,13,8,2876,1451,1425,2876,1451,1425,0,0,0,LA PINTANA,SANTIAGO,131,13112
9598,,9598,METROPOLITANA DE SANTIAGO,13,9,2809,1373,1436,2809,1373,1436,0,0,0,LA PINTANA,SANTIAGO,131,13112
9599,,9599,METROPOLITANA DE SANTIAGO,13,10,2693,1322,1371,2693,1322,1371,0,0,0,LA PINTANA,SANTIAGO,131,13112
9600,,9600,METROPOLITANA DE SANTIAGO,13,11,2735,1341,1394,2735,1341,1394,0,0,0,LA PINTANA,SANTIAGO,131,13112
9601,,9601,METROPOLITANA DE SANTIAGO,13,12,2568,1312,1256,2568,1312,1256,0,0,0,LA PINTANA,SANTIAGO,131,13112
9602,,9602,METROPOLITANA DE SANTIAGO,13,13,2680,1350,1330,2680,1350,1330,0,0,0,LA PINTANA,SANTIAGO,131,13112
9603,,9603,METROPOLITANA DE SANTIAGO,13,14,2675,1347,1328,2675,1347,1328,0,0,0,LA PINTANA,SANTIAGO,131,13112
9604,,9604,METROPOLITANA DE SANTIAGO,13,15,2657,1312,1345,2657,1312,1345,0,0,0,LA PINTANA,SANTIAGO,131,13112
9605,,9605,METROPOLITANA DE SANTIAGO,13,16,2784,1395,1389,2784,1395,1389,0,0,0,LA PINTANA,SANTIAGO,131,13112
9606,,9606,METROPOLITANA DE SANTIAGO,13,17,2763,1386,1377,2763,1386,1377,0,0,0,LA PINTANA,SANTIAGO,131,13112
9607,,9607,METROPOLITANA DE SANTIAGO,13,18,2863,1407,1456,2863,1407,1456,0,0,0,LA PINTANA,SANTIAGO,131,13112
9608,,9608,METROPOLITANA DE SANTIAGO,13,19,2863,1376,1487,2863,1376,1487,0,0,0,LA PINTANA,SANTIAGO,131,13112
9609,,9609,METROPOLITANA DE SANTIAGO,13,20,2926,1455,1471,2926,1455,1471,0,0,0,LA PINTANA,SANTIAGO,131,13112
9610,,9610,METROPOLITANA DE SANTIAGO,13,21,3035,1522,1513,3035,1522,1513,0,0,0,LA PINTANA,SANTIAGO,131,13112
9611,,9611,METROPOLITANA DE SANTIAGO,13,22,3127,1539,1588,3127,1539,1588,0,0,0,LA PINTANA,SANTIAGO,131,13112
9612,,9612,METROPOLITANA DE SANTIAGO,13,23,3084,1567,1517,3084,1567,1517,0,0,0,LA PINTANA,SANTIAGO,131,13112
9613,,9613,METROPOLITANA DE SANTIAGO,13,24,3177,1579,1598,3177,1579,1598,0,0,0,LA PINTANA,SANTIAGO,131,13112
9614,,9614,METROPOLITANA DE SANTIAGO,13,25,3064,1538,1526,3064,1538,1526,0,0,0,LA PINTANA,SANTIAGO,131,13112
9615,,9615,METROPOLITANA DE SANTIAGO,13,26,3204,1613,1591,3204,1613,1591,0,0,0,LA PINTANA,SANTIAGO,131,13112
9616,,9616,METROPOLITANA DE SANTIAGO,13,27,3078,1543,1535,3078,1543,1535,0,0,0,LA PINTANA,SANTIAGO,131,13112
9617,,9617,METROPOLITANA DE SANTIAGO,13,28,2823,1468,1355,2823,1468,1355,0,0,0,LA PINTANA,SANTIAGO,131,13112
9618,,9618,METROPOLITANA DE SANTIAGO,13,29,2758,1389,1369,2758,1389,1369,0,0,0,LA PINTANA,SANTIAGO,131,13112
9619,,9619,METROPOLITANA DE SANTIAGO,13,30,2640,1304,1336,2640,1304,1336,0,0,0,LA PINTANA,SANTIAGO,131,13112
9620,,9620,METROPOLITANA DE SANTIAGO,13,31,2554,1294,1260,2554,1294,1260,0,0,0,LA PINTANA,SANTIAGO,131,13112
9621,,9621,METROPOLITANA DE SANTIAGO,13,32,2441,1213,1228,2441,1213,1228,0,0,0,LA PINTANA,SANTIAGO,131,13112
9622,,9622,METROPOLITANA DE SANTIAGO,13,33,2393,1187,1206,2393,1187,1206,0,0,0,LA PINTANA,SANTIAGO,131,13112
9623,,9623,METROPOLITANA DE SANTIAGO,13,34,2560,1265,1295,2560,1265,1295,0,0,0,LA PINTANA,SANTIAGO,131,13112
9624,,9624,METROPOLITANA DE SANTIAGO,13,35,2637,1354,1283,2637,1354,1283,0,0,0,LA PINTANA,SANTIAGO,131,13112
9625,,9625,METROPOLITANA DE SANTIAGO,13,36,2523,1265,1258,2523,1265,1258,0,0,0,LA PINTANA,SANTIAGO,131,13112
9626,,9626,METROPOLITANA DE SANTIAGO,13,37,2343,1201,1142,2343,1201,1142,0,0,0,LA PINTANA,SANTIAGO,131,13112
9627,,9627,METROPOLITANA DE SANTIAGO,13,38,2062,1029,1033,2062,1029,1033,0,0,0,LA PINTANA,SANTIAGO,131,13112
9628,,9628,METROPOLITANA DE SANTIAGO,13,39,1998,1008,990,1998,1008,990,0,0,0,LA PINTANA,SANTIAGO,131,13112
9629,,9629,METROPOLITANA DE SANTIAGO,13,40,2032,1069,963,2032,1069,963,0,0,0,LA PINTANA,SANTIAGO,131,13112
9630,,9630,METROPOLITANA DE SANTIAGO,13,41,2107,993,1114,2107,993,1114,0,0,0,LA PINTANA,SANTIAGO,131,13112
9631,,9631,METROPOLITANA DE SANTIAGO,13,42,2301,1200,1101,2301,1200,1101,0,0,0,LA PINTANA,SANTIAGO,131,13112
9632,,9632,METROPOLITANA DE SANTIAGO,13,43,2437,1228,1209,2437,1228,1209,0,0,0,LA PINTANA,SANTIAGO,131,13112
9633,,9633,METROPOLITANA DE SANTIAGO,13,44,2304,1152,1152,2304,1152,1152,0,0,0,LA PINTANA,SANTIAGO,131,13112
9634,,9634,METROPOLITANA DE SANTIAGO,13,45,2183,1080,1103,2183,1080,1103,0,0,0,LA PINTANA,SANTIAGO,131,13112
9635,,9635,METROPOLITANA DE SANTIAGO,13,46,2032,1037,995,2032,1037,995,0,0,0,LA PINTANA,SANTIAGO,131,13112
9636,,9636,METROPOLITANA DE SANTIAGO,13,47,1888,930,958,1888,930,958,0,0,0,LA PINTANA,SANTIAGO,131,13112
9637,,9637,METROPOLITANA DE SANTIAGO,13,48,2049,974,1075,2049,974,1075,0,0,0,LA PINTANA,SANTIAGO,131,13112
9638,,9638,METROPOLITANA DE SANTIAGO,13,49,2063,1015,1048,2063,1015,1048,0,0,0,LA PINTANA,SANTIAGO,131,13112
9639,,9639,METROPOLITANA DE SANTIAGO,13,50,2121,1045,1076,2121,1045,1076,0,0,0,LA PINTANA,SANTIAGO,131,13112
9640,,9640,METROPOLITANA DE SANTIAGO,13,51,2065,943,1122,2065,943,1122,0,0,0,LA PINTANA,SANTIAGO,131,13112
9641,,9641,METROPOLITANA DE SANTIAGO,13,52,2211,1050,1161,2211,1050,1161,0,0,0,LA PINTANA,SANTIAGO,131,13112
9642,,9642,METROPOLITANA DE SANTIAGO,13,53,2136,1044,1092,2136,1044,1092,0,0,0,LA PINTANA,SANTIAGO,131,13112
9643,,9643,METROPOLITANA DE SANTIAGO,13,54,2272,1011,1261,2272,1011,1261,0,0,0,LA PINTANA,SANTIAGO,131,13112
9644,,9644,METROPOLITANA DE SANTIAGO,13,55,2147,1019,1128,2147,1019,1128,0,0,0,LA PINTANA,SANTIAGO,131,13112
9645,,9645,METROPOLITANA DE SANTIAGO,13,56,2101,976,1125,2101,976,1125,0,0,0,LA PINTANA,SANTIAGO,131,13112
9646,,9646,METROPOLITANA DE SANTIAGO,13,57,2014,938,1076,2014,938,1076,0,0,0,LA PINTANA,SANTIAGO,131,13112
9647,,9647,METROPOLITANA DE SANTIAGO,13,58,2033,934,1099,2033,934,1099,0,0,0,LA PINTANA,SANTIAGO,131,13112
9648,,9648,METROPOLITANA DE SANTIAGO,13,59,1974,955,1019,1974,955,1019,0,0,0,LA PINTANA,SANTIAGO,131,13112
9649,,9649,METROPOLITANA DE SANTIAGO,13,60,1976,939,1037,1976,939,1037,0,0,0,LA PINTANA,SANTIAGO,131,13112
9650,,9650,METROPOLITANA DE SANTIAGO,13,61,1807,818,989,1807,818,989,0,0,0,LA PINTANA,SANTIAGO,131,13112
9651,,9651,METROPOLITANA DE SANTIAGO,13,62,1635,758,877,1635,758,877,0,0,0,LA PINTANA,SANTIAGO,131,13112
9652,,9652,METROPOLITANA DE SANTIAGO,13,63,1616,720,896,1616,720,896,0,0,0,LA PINTANA,SANTIAGO,131,13112
9653,,9653,METROPOLITANA DE SANTIAGO,13,64,1588,791,797,1588,791,797,0,0,0,LA PINTANA,SANTIAGO,131,13112
9654,,9654,METROPOLITANA DE SANTIAGO,13,65,1455,688,767,1455,688,767,0,0,0,LA PINTANA,SANTIAGO,131,13112
9655,,9655,METROPOLITANA DE SANTIAGO,13,66,1393,701,692,1393,701,692,0,0,0,LA PINTANA,SANTIAGO,131,13112
9656,,9656,METROPOLITANA DE SANTIAGO,13,67,1366,674,692,1366,674,692,0,0,0,LA PINTANA,SANTIAGO,131,13112
9657,,9657,METROPOLITANA DE SANTIAGO,13,68,1195,565,630,1195,565,630,0,0,0,LA PINTANA,SANTIAGO,131,13112
9658,,9658,METROPOLITANA DE SANTIAGO,13,69,1144,515,629,1144,515,629,0,0,0,LA PINTANA,SANTIAGO,131,13112
9659,,9659,METROPOLITANA DE SANTIAGO,13,70,1014,470,544,1014,470,544,0,0,0,LA PINTANA,SANTIAGO,131,13112
9660,,9660,METROPOLITANA DE SANTIAGO,13,71,977,440,537,977,440,537,0,0,0,LA PINTANA,SANTIAGO,131,13112
9661,,9661,METROPOLITANA DE SANTIAGO,13,72,911,387,524,911,387,524,0,0,0,LA PINTANA,SANTIAGO,131,13112
9662,,9662,METROPOLITANA DE SANTIAGO,13,73,828,365,463,828,365,463,0,0,0,LA PINTANA,SANTIAGO,131,13112
9663,,9663,METROPOLITANA DE SANTIAGO,13,74,757,309,448,757,309,448,0,0,0,LA PINTANA,SANTIAGO,131,13112
9664,,9664,METROPOLITANA DE SANTIAGO,13,75,672,294,378,672,294,378,0,0,0,LA PINTANA,SANTIAGO,131,13112
9665,,9665,METROPOLITANA DE SANTIAGO,13,76,611,274,337,611,274,337,0,0,0,LA PINTANA,SANTIAGO,131,13112
9666,,9666,METROPOLITANA DE SANTIAGO,13,77,560,217,343,560,217,343,0,0,0,LA PINTANA,SANTIAGO,131,13112
9667,,9667,METROPOLITANA DE SANTIAGO,13,78,496,196,300,496,196,300,0,0,0,LA PINTANA,SANTIAGO,131,13112
9668,,9668,METROPOLITANA DE SANTIAGO,13,79,418,183,235,418,183,235,0,0,0,LA PINTANA,SANTIAGO,131,13112
9669,,9669,METROPOLITANA DE SANTIAGO,13,80,374,144,230,374,144,230,0,0,0,LA PINTANA,SANTIAGO,131,13112
9670,,9670,METROPOLITANA DE SANTIAGO,13,81,316,124,192,316,124,192,0,0,0,LA PINTANA,SANTIAGO,131,13112
9671,,9671,METROPOLITANA DE SANTIAGO,13,82,250,98,152,250,98,152,0,0,0,LA PINTANA,SANTIAGO,131,13112
9672,,9672,METROPOLITANA DE SANTIAGO,13,83,226,91,135,226,91,135,0,0,0,LA PINTANA,SANTIAGO,131,13112
9673,,9673,METROPOLITANA DE SANTIAGO,13,84,208,69,139,208,69,139,0,0,0,LA PINTANA,SANTIAGO,131,13112
9674,,9674,METROPOLITANA DE SANTIAGO,13,85,190,65,125,190,65,125,0,0,0,LA PINTANA,SANTIAGO,131,13112
9675,,9675,METROPOLITANA DE SANTIAGO,13,86,173,65,108,173,65,108,0,0,0,LA PINTANA,SANTIAGO,131,13112
9676,,9676,METROPOLITANA DE SANTIAGO,13,87,145,54,91,145,54,91,0,0,0,LA PINTANA,SANTIAGO,131,13112
9677,,9677,METROPOLITANA DE SANTIAGO,13,88,128,38,90,128,38,90,0,0,0,LA PINTANA,SANTIAGO,131,13112
9678,,9678,METROPOLITANA DE SANTIAGO,13,89,104,35,69,104,35,69,0,0,0,LA PINTANA,SANTIAGO,131,13112
9679,,9679,METROPOLITANA DE SANTIAGO,13,90,58,18,40,58,18,40,0,0,0,LA PINTANA,SANTIAGO,131,13112
9680,,9680,METROPOLITANA DE SANTIAGO,13,91,45,16,29,45,16,29,0,0,0,LA PINTANA,SANTIAGO,131,13112
9681,,9681,METROPOLITANA DE SANTIAGO,13,92,50,19,31,50,19,31,0,0,0,LA PINTANA,SANTIAGO,131,13112
9682,,9682,METROPOLITANA DE SANTIAGO,13,93,27,8,19,27,8,19,0,0,0,LA PINTANA,SANTIAGO,131,13112
9683,,9683,METROPOLITANA DE SANTIAGO,13,94,34,8,26,34,8,26,0,0,0,LA PINTANA,SANTIAGO,131,13112
9684,,9684,METROPOLITANA DE SANTIAGO,13,95,14,0,14,14,0,14,0,0,0,LA PINTANA,SANTIAGO,131,13112
9685,,9685,METROPOLITANA DE SANTIAGO,13,96,20,6,14,20,6,14,0,0,0,LA PINTANA,SANTIAGO,131,13112
9686,,9686,METROPOLITANA DE SANTIAGO,13,97,11,4,7,11,4,7,0,0,0,LA PINTANA,SANTIAGO,131,13112
9687,,9687,METROPOLITANA DE SANTIAGO,13,98,14,1,13,14,1,13,0,0,0,LA PINTANA,SANTIAGO,131,13112
9688,,9688,METROPOLITANA DE SANTIAGO,13,99,7,0,7,7,0,7,0,0,0,LA PINTANA,SANTIAGO,131,13112
9689,,9689,METROPOLITANA DE SANTIAGO,13,100 o más,17,5,12,17,5,12,0,0,0,LA PINTANA,SANTIAGO,131,13112
9690,,9690,METROPOLITANA DE SANTIAGO,13,Total Comuna,92787,43599,49188,92787,43599,49188,0,0,0,LA REINA,SANTIAGO,131,13113
9691,,9691,METROPOLITANA DE SANTIAGO,13,0,841,416,425,841,416,425,0,0,0,LA REINA,SANTIAGO,131,13113
9692,,9692,METROPOLITANA DE SANTIAGO,13,1,983,502,481,983,502,481,0,0,0,LA REINA,SANTIAGO,131,13113
9693,,9693,METROPOLITANA DE SANTIAGO,13,2,1091,565,526,1091,565,526,0,0,0,LA REINA,SANTIAGO,131,13113
9694,,9694,METROPOLITANA DE SANTIAGO,13,3,1055,526,529,1055,526,529,0,0,0,LA REINA,SANTIAGO,131,13113
9695,,9695,METROPOLITANA DE SANTIAGO,13,4,1180,627,553,1180,627,553,0,0,0,LA REINA,SANTIAGO,131,13113
9696,,9696,METROPOLITANA DE SANTIAGO,13,5,1099,569,530,1099,569,530,0,0,0,LA REINA,SANTIAGO,131,13113
9697,,9697,METROPOLITANA DE SANTIAGO,13,6,1227,617,610,1227,617,610,0,0,0,LA REINA,SANTIAGO,131,13113
9698,,9698,METROPOLITANA DE SANTIAGO,13,7,1148,592,556,1148,592,556,0,0,0,LA REINA,SANTIAGO,131,13113
9699,,9699,METROPOLITANA DE SANTIAGO,13,8,1122,573,549,1122,573,549,0,0,0,LA REINA,SANTIAGO,131,13113
9700,,9700,METROPOLITANA DE SANTIAGO,13,9,1092,551,541,1092,551,541,0,0,0,LA REINA,SANTIAGO,131,13113
9701,,9701,METROPOLITANA DE SANTIAGO,13,10,1057,579,478,1057,579,478,0,0,0,LA REINA,SANTIAGO,131,13113
9702,,9702,METROPOLITANA DE SANTIAGO,13,11,1126,589,537,1126,589,537,0,0,0,LA REINA,SANTIAGO,131,13113
9703,,9703,METROPOLITANA DE SANTIAGO,13,12,1180,587,593,1180,587,593,0,0,0,LA REINA,SANTIAGO,131,13113
9704,,9704,METROPOLITANA DE SANTIAGO,13,13,1192,615,577,1192,615,577,0,0,0,LA REINA,SANTIAGO,131,13113
9705,,9705,METROPOLITANA DE SANTIAGO,13,14,1166,587,579,1166,587,579,0,0,0,LA REINA,SANTIAGO,131,13113
9706,,9706,METROPOLITANA DE SANTIAGO,13,15,1290,653,637,1290,653,637,0,0,0,LA REINA,SANTIAGO,131,13113
9707,,9707,METROPOLITANA DE SANTIAGO,13,16,1266,652,614,1266,652,614,0,0,0,LA REINA,SANTIAGO,131,13113
9708,,9708,METROPOLITANA DE SANTIAGO,13,17,1327,713,614,1327,713,614,0,0,0,LA REINA,SANTIAGO,131,13113
9709,,9709,METROPOLITANA DE SANTIAGO,13,18,1419,758,661,1419,758,661,0,0,0,LA REINA,SANTIAGO,131,13113
9710,,9710,METROPOLITANA DE SANTIAGO,13,19,1415,745,670,1415,745,670,0,0,0,LA REINA,SANTIAGO,131,13113
9711,,9711,METROPOLITANA DE SANTIAGO,13,20,1459,749,710,1459,749,710,0,0,0,LA REINA,SANTIAGO,131,13113
9712,,9712,METROPOLITANA DE SANTIAGO,13,21,1407,700,707,1407,700,707,0,0,0,LA REINA,SANTIAGO,131,13113
9713,,9713,METROPOLITANA DE SANTIAGO,13,22,1451,707,744,1451,707,744,0,0,0,LA REINA,SANTIAGO,131,13113
9714,,9714,METROPOLITANA DE SANTIAGO,13,23,1420,704,716,1420,704,716,0,0,0,LA REINA,SANTIAGO,131,13113
9715,,9715,METROPOLITANA DE SANTIAGO,13,24,1488,764,724,1488,764,724,0,0,0,LA REINA,SANTIAGO,131,13113
9716,,9716,METROPOLITANA DE SANTIAGO,13,25,1419,725,694,1419,725,694,0,0,0,LA REINA,SANTIAGO,131,13113
9717,,9717,METROPOLITANA DE SANTIAGO,13,26,1374,734,640,1374,734,640,0,0,0,LA REINA,SANTIAGO,131,13113
9718,,9718,METROPOLITANA DE SANTIAGO,13,27,1382,713,669,1382,713,669,0,0,0,LA REINA,SANTIAGO,131,13113
9719,,9719,METROPOLITANA DE SANTIAGO,13,28,1255,611,644,1255,611,644,0,0,0,LA REINA,SANTIAGO,131,13113
9720,,9720,METROPOLITANA DE SANTIAGO,13,29,1198,600,598,1198,600,598,0,0,0,LA REINA,SANTIAGO,131,13113
9721,,9721,METROPOLITANA DE SANTIAGO,13,30,1124,568,556,1124,568,556,0,0,0,LA REINA,SANTIAGO,131,13113
9722,,9722,METROPOLITANA DE SANTIAGO,13,31,1045,497,548,1045,497,548,0,0,0,LA REINA,SANTIAGO,131,13113
9723,,9723,METROPOLITANA DE SANTIAGO,13,32,1024,475,549,1024,475,549,0,0,0,LA REINA,SANTIAGO,131,13113
9724,,9724,METROPOLITANA DE SANTIAGO,13,33,1011,512,499,1011,512,499,0,0,0,LA REINA,SANTIAGO,131,13113
9725,,9725,METROPOLITANA DE SANTIAGO,13,34,1158,549,609,1158,549,609,0,0,0,LA REINA,SANTIAGO,131,13113
9726,,9726,METROPOLITANA DE SANTIAGO,13,35,1189,580,609,1189,580,609,0,0,0,LA REINA,SANTIAGO,131,13113
9727,,9727,METROPOLITANA DE SANTIAGO,13,36,1217,585,632,1217,585,632,0,0,0,LA REINA,SANTIAGO,131,13113
9728,,9728,METROPOLITANA DE SANTIAGO,13,37,1295,592,703,1295,592,703,0,0,0,LA REINA,SANTIAGO,131,13113
9729,,9729,METROPOLITANA DE SANTIAGO,13,38,1255,567,688,1255,567,688,0,0,0,LA REINA,SANTIAGO,131,13113
9730,,9730,METROPOLITANA DE SANTIAGO,13,39,1221,564,657,1221,564,657,0,0,0,LA REINA,SANTIAGO,131,13113
9731,,9731,METROPOLITANA DE SANTIAGO,13,40,1338,631,707,1338,631,707,0,0,0,LA REINA,SANTIAGO,131,13113
9732,,9732,METROPOLITANA DE SANTIAGO,13,41,1319,580,739,1319,580,739,0,0,0,LA REINA,SANTIAGO,131,13113
9733,,9733,METROPOLITANA DE SANTIAGO,13,42,1298,591,707,1298,591,707,0,0,0,LA REINA,SANTIAGO,131,13113
9734,,9734,METROPOLITANA DE SANTIAGO,13,43,1303,622,681,1303,622,681,0,0,0,LA REINA,SANTIAGO,131,13113
9735,,9735,METROPOLITANA DE SANTIAGO,13,44,1350,638,712,1350,638,712,0,0,0,LA REINA,SANTIAGO,131,13113
9736,,9736,METROPOLITANA DE SANTIAGO,13,45,1290,579,711,1290,579,711,0,0,0,LA REINA,SANTIAGO,131,13113
9737,,9737,METROPOLITANA DE SANTIAGO,13,46,1298,596,702,1298,596,702,0,0,0,LA REINA,SANTIAGO,131,13113
9738,,9738,METROPOLITANA DE SANTIAGO,13,47,1231,561,670,1231,561,670,0,0,0,LA REINA,SANTIAGO,131,13113
9739,,9739,METROPOLITANA DE SANTIAGO,13,48,1236,545,691,1236,545,691,0,0,0,LA REINA,SANTIAGO,131,13113
9740,,9740,METROPOLITANA DE SANTIAGO,13,49,1251,563,688,1251,563,688,0,0,0,LA REINA,SANTIAGO,131,13113
9741,,9741,METROPOLITANA DE SANTIAGO,13,50,1249,554,695,1249,554,695,0,0,0,LA REINA,SANTIAGO,131,13113
9742,,9742,METROPOLITANA DE SANTIAGO,13,51,1308,606,702,1308,606,702,0,0,0,LA REINA,SANTIAGO,131,13113
9743,,9743,METROPOLITANA DE SANTIAGO,13,52,1306,608,698,1306,608,698,0,0,0,LA REINA,SANTIAGO,131,13113
9744,,9744,METROPOLITANA DE SANTIAGO,13,53,1309,566,743,1309,566,743,0,0,0,LA REINA,SANTIAGO,131,13113
9745,,9745,METROPOLITANA DE SANTIAGO,13,54,1310,582,728,1310,582,728,0,0,0,LA REINA,SANTIAGO,131,13113
9746,,9746,METROPOLITANA DE SANTIAGO,13,55,1285,579,706,1285,579,706,0,0,0,LA REINA,SANTIAGO,131,13113
9747,,9747,METROPOLITANA DE SANTIAGO,13,56,1197,501,696,1197,501,696,0,0,0,LA REINA,SANTIAGO,131,13113
9748,,9748,METROPOLITANA DE SANTIAGO,13,57,1208,503,705,1208,503,705,0,0,0,LA REINA,SANTIAGO,131,13113
9749,,9749,METROPOLITANA DE SANTIAGO,13,58,1098,479,619,1098,479,619,0,0,0,LA REINA,SANTIAGO,131,13113
9750,,9750,METROPOLITANA DE SANTIAGO,13,59,1139,511,628,1139,511,628,0,0,0,LA REINA,SANTIAGO,131,13113
9751,,9751,METROPOLITANA DE SANTIAGO,13,60,1180,532,648,1180,532,648,0,0,0,LA REINA,SANTIAGO,131,13113
9752,,9752,METROPOLITANA DE SANTIAGO,13,61,1032,444,588,1032,444,588,0,0,0,LA REINA,SANTIAGO,131,13113
9753,,9753,METROPOLITANA DE SANTIAGO,13,62,1031,420,611,1031,420,611,0,0,0,LA REINA,SANTIAGO,131,13113
9754,,9754,METROPOLITANA DE SANTIAGO,13,63,871,381,490,871,381,490,0,0,0,LA REINA,SANTIAGO,131,13113
9755,,9755,METROPOLITANA DE SANTIAGO,13,64,858,355,503,858,355,503,0,0,0,LA REINA,SANTIAGO,131,13113
9756,,9756,METROPOLITANA DE SANTIAGO,13,65,911,405,506,911,405,506,0,0,0,LA REINA,SANTIAGO,131,13113
9757,,9757,METROPOLITANA DE SANTIAGO,13,66,857,364,493,857,364,493,0,0,0,LA REINA,SANTIAGO,131,13113
9758,,9758,METROPOLITANA DE SANTIAGO,13,67,852,369,483,852,369,483,0,0,0,LA REINA,SANTIAGO,131,13113
9759,,9759,METROPOLITANA DE SANTIAGO,13,68,757,336,421,757,336,421,0,0,0,LA REINA,SANTIAGO,131,13113
9760,,9760,METROPOLITANA DE SANTIAGO,13,69,782,338,444,782,338,444,0,0,0,LA REINA,SANTIAGO,131,13113
9761,,9761,METROPOLITANA DE SANTIAGO,13,70,721,336,385,721,336,385,0,0,0,LA REINA,SANTIAGO,131,13113
9762,,9762,METROPOLITANA DE SANTIAGO,13,71,682,274,408,682,274,408,0,0,0,LA REINA,SANTIAGO,131,13113
9763,,9763,METROPOLITANA DE SANTIAGO,13,72,696,320,376,696,320,376,0,0,0,LA REINA,SANTIAGO,131,13113
9764,,9764,METROPOLITANA DE SANTIAGO,13,73,639,264,375,639,264,375,0,0,0,LA REINA,SANTIAGO,131,13113
9765,,9765,METROPOLITANA DE SANTIAGO,13,74,589,245,344,589,245,344,0,0,0,LA REINA,SANTIAGO,131,13113
9766,,9766,METROPOLITANA DE SANTIAGO,13,75,582,244,338,582,244,338,0,0,0,LA REINA,SANTIAGO,131,13113
9767,,9767,METROPOLITANA DE SANTIAGO,13,76,504,211,293,504,211,293,0,0,0,LA REINA,SANTIAGO,131,13113
9768,,9768,METROPOLITANA DE SANTIAGO,13,77,505,185,320,505,185,320,0,0,0,LA REINA,SANTIAGO,131,13113
9769,,9769,METROPOLITANA DE SANTIAGO,13,78,460,201,259,460,201,259,0,0,0,LA REINA,SANTIAGO,131,13113
9770,,9770,METROPOLITANA DE SANTIAGO,13,79,439,169,270,439,169,270,0,0,0,LA REINA,SANTIAGO,131,13113
9771,,9771,METROPOLITANA DE SANTIAGO,13,80,389,151,238,389,151,238,0,0,0,LA REINA,SANTIAGO,131,13113
9772,,9772,METROPOLITANA DE SANTIAGO,13,81,361,151,210,361,151,210,0,0,0,LA REINA,SANTIAGO,131,13113
9773,,9773,METROPOLITANA DE SANTIAGO,13,82,343,115,228,343,115,228,0,0,0,LA REINA,SANTIAGO,131,13113
9774,,9774,METROPOLITANA DE SANTIAGO,13,83,320,119,201,320,119,201,0,0,0,LA REINA,SANTIAGO,131,13113
9775,,9775,METROPOLITANA DE SANTIAGO,13,84,326,112,214,326,112,214,0,0,0,LA REINA,SANTIAGO,131,13113
9776,,9776,METROPOLITANA DE SANTIAGO,13,85,289,104,185,289,104,185,0,0,0,LA REINA,SANTIAGO,131,13113
9777,,9777,METROPOLITANA DE SANTIAGO,13,86,279,106,173,279,106,173,0,0,0,LA REINA,SANTIAGO,131,13113
9778,,9778,METROPOLITANA DE SANTIAGO,13,87,272,85,187,272,85,187,0,0,0,LA REINA,SANTIAGO,131,13113
9779,,9779,METROPOLITANA DE SANTIAGO,13,88,233,75,158,233,75,158,0,0,0,LA REINA,SANTIAGO,131,13113
9780,,9780,METROPOLITANA DE SANTIAGO,13,89,200,69,131,200,69,131,0,0,0,LA REINA,SANTIAGO,131,13113
9781,,9781,METROPOLITANA DE SANTIAGO,13,90,185,53,132,185,53,132,0,0,0,LA REINA,SANTIAGO,131,13113
9782,,9782,METROPOLITANA DE SANTIAGO,13,91,125,31,94,125,31,94,0,0,0,LA REINA,SANTIAGO,131,13113
9783,,9783,METROPOLITANA DE SANTIAGO,13,92,110,30,80,110,30,80,0,0,0,LA REINA,SANTIAGO,131,13113
9784,,9784,METROPOLITANA DE SANTIAGO,13,93,105,33,72,105,33,72,0,0,0,LA REINA,SANTIAGO,131,13113
9785,,9785,METROPOLITANA DE SANTIAGO,13,94,74,15,59,74,15,59,0,0,0,LA REINA,SANTIAGO,131,13113
9786,,9786,METROPOLITANA DE SANTIAGO,13,95,51,12,39,51,12,39,0,0,0,LA REINA,SANTIAGO,131,13113
9787,,9787,METROPOLITANA DE SANTIAGO,13,96,68,14,54,68,14,54,0,0,0,LA REINA,SANTIAGO,131,13113
9788,,9788,METROPOLITANA DE SANTIAGO,13,97,27,5,22,27,5,22,0,0,0,LA REINA,SANTIAGO,131,13113
9789,,9789,METROPOLITANA DE SANTIAGO,13,98,22,3,19,22,3,19,0,0,0,LA REINA,SANTIAGO,131,13113
9790,,9790,METROPOLITANA DE SANTIAGO,13,99,26,5,21,26,5,21,0,0,0,LA REINA,SANTIAGO,131,13113
9791,,9791,METROPOLITANA DE SANTIAGO,13,100 o más,43,11,32,43,11,32,0,0,0,LA REINA,SANTIAGO,131,13113
9792,,9792,METROPOLITANA DE SANTIAGO,13,Total Comuna,294838,135917,158921,294838,135917,158921,0,0,0,LAS CONDES,SANTIAGO,131,13114
9793,,9793,METROPOLITANA DE SANTIAGO,13,0,3246,1692,1554,3246,1692,1554,0,0,0,LAS CONDES,SANTIAGO,131,13114
9794,,9794,METROPOLITANA DE SANTIAGO,13,1,3536,1810,1726,3536,1810,1726,0,0,0,LAS CONDES,SANTIAGO,131,13114
9795,,9795,METROPOLITANA DE SANTIAGO,13,2,3274,1643,1631,3274,1643,1631,0,0,0,LAS CONDES,SANTIAGO,131,13114
9796,,9796,METROPOLITANA DE SANTIAGO,13,3,3061,1570,1491,3061,1570,1491,0,0,0,LAS CONDES,SANTIAGO,131,13114
9797,,9797,METROPOLITANA DE SANTIAGO,13,4,3081,1545,1536,3081,1545,1536,0,0,0,LAS CONDES,SANTIAGO,131,13114
9798,,9798,METROPOLITANA DE SANTIAGO,13,5,2962,1529,1433,2962,1529,1433,0,0,0,LAS CONDES,SANTIAGO,131,13114
9799,,9799,METROPOLITANA DE SANTIAGO,13,6,3063,1531,1532,3063,1531,1532,0,0,0,LAS CONDES,SANTIAGO,131,13114
9800,,9800,METROPOLITANA DE SANTIAGO,13,7,3000,1533,1467,3000,1533,1467,0,0,0,LAS CONDES,SANTIAGO,131,13114
9801,,9801,METROPOLITANA DE SANTIAGO,13,8,2820,1488,1332,2820,1488,1332,0,0,0,LAS CONDES,SANTIAGO,131,13114
9802,,9802,METROPOLITANA DE SANTIAGO,13,9,2840,1421,1419,2840,1421,1419,0,0,0,LAS CONDES,SANTIAGO,131,13114
9803,,9803,METROPOLITANA DE SANTIAGO,13,10,2822,1415,1407,2822,1415,1407,0,0,0,LAS CONDES,SANTIAGO,131,13114
9804,,9804,METROPOLITANA DE SANTIAGO,13,11,2772,1422,1350,2772,1422,1350,0,0,0,LAS CONDES,SANTIAGO,131,13114
9805,,9805,METROPOLITANA DE SANTIAGO,13,12,2813,1422,1391,2813,1422,1391,0,0,0,LAS CONDES,SANTIAGO,131,13114
9806,,9806,METROPOLITANA DE SANTIAGO,13,13,2839,1467,1372,2839,1467,1372,0,0,0,LAS CONDES,SANTIAGO,131,13114
9807,,9807,METROPOLITANA DE SANTIAGO,13,14,2890,1504,1386,2890,1504,1386,0,0,0,LAS CONDES,SANTIAGO,131,13114
9808,,9808,METROPOLITANA DE SANTIAGO,13,15,3029,1529,1500,3029,1529,1500,0,0,0,LAS CONDES,SANTIAGO,131,13114
9809,,9809,METROPOLITANA DE SANTIAGO,13,16,3279,1633,1646,3279,1633,1646,0,0,0,LAS CONDES,SANTIAGO,131,13114
9810,,9810,METROPOLITANA DE SANTIAGO,13,17,3296,1677,1619,3296,1677,1619,0,0,0,LAS CONDES,SANTIAGO,131,13114
9811,,9811,METROPOLITANA DE SANTIAGO,13,18,4108,2091,2017,4108,2091,2017,0,0,0,LAS CONDES,SANTIAGO,131,13114
9812,,9812,METROPOLITANA DE SANTIAGO,13,19,4495,2265,2230,4495,2265,2230,0,0,0,LAS CONDES,SANTIAGO,131,13114
9813,,9813,METROPOLITANA DE SANTIAGO,13,20,4843,2443,2400,4843,2443,2400,0,0,0,LAS CONDES,SANTIAGO,131,13114
9814,,9814,METROPOLITANA DE SANTIAGO,13,21,4858,2455,2403,4858,2455,2403,0,0,0,LAS CONDES,SANTIAGO,131,13114
9815,,9815,METROPOLITANA DE SANTIAGO,13,22,4771,2366,2405,4771,2366,2405,0,0,0,LAS CONDES,SANTIAGO,131,13114
9816,,9816,METROPOLITANA DE SANTIAGO,13,23,4918,2409,2509,4918,2409,2509,0,0,0,LAS CONDES,SANTIAGO,131,13114
9817,,9817,METROPOLITANA DE SANTIAGO,13,24,5077,2499,2578,5077,2499,2578,0,0,0,LAS CONDES,SANTIAGO,131,13114
9818,,9818,METROPOLITANA DE SANTIAGO,13,25,5014,2473,2541,5014,2473,2541,0,0,0,LAS CONDES,SANTIAGO,131,13114
9819,,9819,METROPOLITANA DE SANTIAGO,13,26,5227,2527,2700,5227,2527,2700,0,0,0,LAS CONDES,SANTIAGO,131,13114
9820,,9820,METROPOLITANA DE SANTIAGO,13,27,5520,2733,2787,5520,2733,2787,0,0,0,LAS CONDES,SANTIAGO,131,13114
9821,,9821,METROPOLITANA DE SANTIAGO,13,28,5214,2603,2611,5214,2603,2611,0,0,0,LAS CONDES,SANTIAGO,131,13114
9822,,9822,METROPOLITANA DE SANTIAGO,13,29,5025,2522,2503,5025,2522,2503,0,0,0,LAS CONDES,SANTIAGO,131,13114
9823,,9823,METROPOLITANA DE SANTIAGO,13,30,5060,2452,2608,5060,2452,2608,0,0,0,LAS CONDES,SANTIAGO,131,13114
9824,,9824,METROPOLITANA DE SANTIAGO,13,31,4671,2260,2411,4671,2260,2411,0,0,0,LAS CONDES,SANTIAGO,131,13114
9825,,9825,METROPOLITANA DE SANTIAGO,13,32,4673,2266,2407,4673,2266,2407,0,0,0,LAS CONDES,SANTIAGO,131,13114
9826,,9826,METROPOLITANA DE SANTIAGO,13,33,4578,2281,2297,4578,2281,2297,0,0,0,LAS CONDES,SANTIAGO,131,13114
9827,,9827,METROPOLITANA DE SANTIAGO,13,34,4639,2282,2357,4639,2282,2357,0,0,0,LAS CONDES,SANTIAGO,131,13114
9828,,9828,METROPOLITANA DE SANTIAGO,13,35,4582,2198,2384,4582,2198,2384,0,0,0,LAS CONDES,SANTIAGO,131,13114
9829,,9829,METROPOLITANA DE SANTIAGO,13,36,4300,2085,2215,4300,2085,2215,0,0,0,LAS CONDES,SANTIAGO,131,13114
9830,,9830,METROPOLITANA DE SANTIAGO,13,37,4163,1964,2199,4163,1964,2199,0,0,0,LAS CONDES,SANTIAGO,131,13114
9831,,9831,METROPOLITANA DE SANTIAGO,13,38,4148,1889,2259,4148,1889,2259,0,0,0,LAS CONDES,SANTIAGO,131,13114
9832,,9832,METROPOLITANA DE SANTIAGO,13,39,3883,1818,2065,3883,1818,2065,0,0,0,LAS CONDES,SANTIAGO,131,13114
9833,,9833,METROPOLITANA DE SANTIAGO,13,40,4027,1891,2136,4027,1891,2136,0,0,0,LAS CONDES,SANTIAGO,131,13114
9834,,9834,METROPOLITANA DE SANTIAGO,13,41,3915,1756,2159,3915,1756,2159,0,0,0,LAS CONDES,SANTIAGO,131,13114
9835,,9835,METROPOLITANA DE SANTIAGO,13,42,3896,1763,2133,3896,1763,2133,0,0,0,LAS CONDES,SANTIAGO,131,13114
9836,,9836,METROPOLITANA DE SANTIAGO,13,43,3804,1770,2034,3804,1770,2034,0,0,0,LAS CONDES,SANTIAGO,131,13114
9837,,9837,METROPOLITANA DE SANTIAGO,13,44,3923,1793,2130,3923,1793,2130,0,0,0,LAS CONDES,SANTIAGO,131,13114
9838,,9838,METROPOLITANA DE SANTIAGO,13,45,3936,1761,2175,3936,1761,2175,0,0,0,LAS CONDES,SANTIAGO,131,13114
9839,,9839,METROPOLITANA DE SANTIAGO,13,46,3745,1708,2037,3745,1708,2037,0,0,0,LAS CONDES,SANTIAGO,131,13114
9840,,9840,METROPOLITANA DE SANTIAGO,13,47,3573,1571,2002,3573,1571,2002,0,0,0,LAS CONDES,SANTIAGO,131,13114
9841,,9841,METROPOLITANA DE SANTIAGO,13,48,3692,1596,2096,3692,1596,2096,0,0,0,LAS CONDES,SANTIAGO,131,13114
9842,,9842,METROPOLITANA DE SANTIAGO,13,49,3565,1589,1976,3565,1589,1976,0,0,0,LAS CONDES,SANTIAGO,131,13114
9843,,9843,METROPOLITANA DE SANTIAGO,13,50,3607,1563,2044,3607,1563,2044,0,0,0,LAS CONDES,SANTIAGO,131,13114
9844,,9844,METROPOLITANA DE SANTIAGO,13,51,3579,1610,1969,3579,1610,1969,0,0,0,LAS CONDES,SANTIAGO,131,13114
9845,,9845,METROPOLITANA DE SANTIAGO,13,52,3699,1538,2161,3699,1538,2161,0,0,0,LAS CONDES,SANTIAGO,131,13114
9846,,9846,METROPOLITANA DE SANTIAGO,13,53,3731,1580,2151,3731,1580,2151,0,0,0,LAS CONDES,SANTIAGO,131,13114
9847,,9847,METROPOLITANA DE SANTIAGO,13,54,3845,1613,2232,3845,1613,2232,0,0,0,LAS CONDES,SANTIAGO,131,13114
9848,,9848,METROPOLITANA DE SANTIAGO,13,55,3675,1548,2127,3675,1548,2127,0,0,0,LAS CONDES,SANTIAGO,131,13114
9849,,9849,METROPOLITANA DE SANTIAGO,13,56,3759,1621,2138,3759,1621,2138,0,0,0,LAS CONDES,SANTIAGO,131,13114
9850,,9850,METROPOLITANA DE SANTIAGO,13,57,3524,1465,2059,3524,1465,2059,0,0,0,LAS CONDES,SANTIAGO,131,13114
9851,,9851,METROPOLITANA DE SANTIAGO,13,58,3530,1499,2031,3530,1499,2031,0,0,0,LAS CONDES,SANTIAGO,131,13114
9852,,9852,METROPOLITANA DE SANTIAGO,13,59,3618,1581,2037,3618,1581,2037,0,0,0,LAS CONDES,SANTIAGO,131,13114
9853,,9853,METROPOLITANA DE SANTIAGO,13,60,3553,1498,2055,3553,1498,2055,0,0,0,LAS CONDES,SANTIAGO,131,13114
9854,,9854,METROPOLITANA DE SANTIAGO,13,61,3288,1366,1922,3288,1366,1922,0,0,0,LAS CONDES,SANTIAGO,131,13114
9855,,9855,METROPOLITANA DE SANTIAGO,13,62,3141,1284,1857,3141,1284,1857,0,0,0,LAS CONDES,SANTIAGO,131,13114
9856,,9856,METROPOLITANA DE SANTIAGO,13,63,3065,1208,1857,3065,1208,1857,0,0,0,LAS CONDES,SANTIAGO,131,13114
9857,,9857,METROPOLITANA DE SANTIAGO,13,64,2747,1179,1568,2747,1179,1568,0,0,0,LAS CONDES,SANTIAGO,131,13114
9858,,9858,METROPOLITANA DE SANTIAGO,13,65,2507,1065,1442,2507,1065,1442,0,0,0,LAS CONDES,SANTIAGO,131,13114
9859,,9859,METROPOLITANA DE SANTIAGO,13,66,2558,1045,1513,2558,1045,1513,0,0,0,LAS CONDES,SANTIAGO,131,13114
9860,,9860,METROPOLITANA DE SANTIAGO,13,67,2578,1058,1520,2578,1058,1520,0,0,0,LAS CONDES,SANTIAGO,131,13114
9861,,9861,METROPOLITANA DE SANTIAGO,13,68,2405,1005,1400,2405,1005,1400,0,0,0,LAS CONDES,SANTIAGO,131,13114
9862,,9862,METROPOLITANA DE SANTIAGO,13,69,2365,997,1368,2365,997,1368,0,0,0,LAS CONDES,SANTIAGO,131,13114
9863,,9863,METROPOLITANA DE SANTIAGO,13,70,2416,960,1456,2416,960,1456,0,0,0,LAS CONDES,SANTIAGO,131,13114
9864,,9864,METROPOLITANA DE SANTIAGO,13,71,2351,938,1413,2351,938,1413,0,0,0,LAS CONDES,SANTIAGO,131,13114
9865,,9865,METROPOLITANA DE SANTIAGO,13,72,2238,926,1312,2238,926,1312,0,0,0,LAS CONDES,SANTIAGO,131,13114
9866,,9866,METROPOLITANA DE SANTIAGO,13,73,2193,873,1320,2193,873,1320,0,0,0,LAS CONDES,SANTIAGO,131,13114
9867,,9867,METROPOLITANA DE SANTIAGO,13,74,1967,823,1144,1967,823,1144,0,0,0,LAS CONDES,SANTIAGO,131,13114
9868,,9868,METROPOLITANA DE SANTIAGO,13,75,2026,840,1186,2026,840,1186,0,0,0,LAS CONDES,SANTIAGO,131,13114
9869,,9869,METROPOLITANA DE SANTIAGO,13,76,1781,704,1077,1781,704,1077,0,0,0,LAS CONDES,SANTIAGO,131,13114
9870,,9870,METROPOLITANA DE SANTIAGO,13,77,1709,661,1048,1709,661,1048,0,0,0,LAS CONDES,SANTIAGO,131,13114
9871,,9871,METROPOLITANA DE SANTIAGO,13,78,1463,609,854,1463,609,854,0,0,0,LAS CONDES,SANTIAGO,131,13114
9872,,9872,METROPOLITANA DE SANTIAGO,13,79,1468,571,897,1468,571,897,0,0,0,LAS CONDES,SANTIAGO,131,13114
9873,,9873,METROPOLITANA DE SANTIAGO,13,80,1459,548,911,1459,548,911,0,0,0,LAS CONDES,SANTIAGO,131,13114
9874,,9874,METROPOLITANA DE SANTIAGO,13,81,1324,514,810,1324,514,810,0,0,0,LAS CONDES,SANTIAGO,131,13114
9875,,9875,METROPOLITANA DE SANTIAGO,13,82,1270,492,778,1270,492,778,0,0,0,LAS CONDES,SANTIAGO,131,13114
9876,,9876,METROPOLITANA DE SANTIAGO,13,83,1157,423,734,1157,423,734,0,0,0,LAS CONDES,SANTIAGO,131,13114
9877,,9877,METROPOLITANA DE SANTIAGO,13,84,1083,414,669,1083,414,669,0,0,0,LAS CONDES,SANTIAGO,131,13114
9878,,9878,METROPOLITANA DE SANTIAGO,13,85,1038,385,653,1038,385,653,0,0,0,LAS CONDES,SANTIAGO,131,13114
9879,,9879,METROPOLITANA DE SANTIAGO,13,86,1062,358,704,1062,358,704,0,0,0,LAS CONDES,SANTIAGO,131,13114
9880,,9880,METROPOLITANA DE SANTIAGO,13,87,930,297,633,930,297,633,0,0,0,LAS CONDES,SANTIAGO,131,13114
9881,,9881,METROPOLITANA DE SANTIAGO,13,88,850,275,575,850,275,575,0,0,0,LAS CONDES,SANTIAGO,131,13114
9882,,9882,METROPOLITANA DE SANTIAGO,13,89,773,226,547,773,226,547,0,0,0,LAS CONDES,SANTIAGO,131,13114
9883,,9883,METROPOLITANA DE SANTIAGO,13,90,606,199,407,606,199,407,0,0,0,LAS CONDES,SANTIAGO,131,13114
9884,,9884,METROPOLITANA DE SANTIAGO,13,91,513,155,358,513,155,358,0,0,0,LAS CONDES,SANTIAGO,131,13114
9885,,9885,METROPOLITANA DE SANTIAGO,13,92,464,152,312,464,152,312,0,0,0,LAS CONDES,SANTIAGO,131,13114
9886,,9886,METROPOLITANA DE SANTIAGO,13,93,340,94,246,340,94,246,0,0,0,LAS CONDES,SANTIAGO,131,13114
9887,,9887,METROPOLITANA DE SANTIAGO,13,94,283,61,222,283,61,222,0,0,0,LAS CONDES,SANTIAGO,131,13114
9888,,9888,METROPOLITANA DE SANTIAGO,13,95,207,55,152,207,55,152,0,0,0,LAS CONDES,SANTIAGO,131,13114
9889,,9889,METROPOLITANA DE SANTIAGO,13,96,185,42,143,185,42,143,0,0,0,LAS CONDES,SANTIAGO,131,13114
9890,,9890,METROPOLITANA DE SANTIAGO,13,97,131,36,95,131,36,95,0,0,0,LAS CONDES,SANTIAGO,131,13114
9891,,9891,METROPOLITANA DE SANTIAGO,13,98,73,12,61,73,12,61,0,0,0,LAS CONDES,SANTIAGO,131,13114
9892,,9892,METROPOLITANA DE SANTIAGO,13,99,78,16,62,78,16,62,0,0,0,LAS CONDES,SANTIAGO,131,13114
9893,,9893,METROPOLITANA DE SANTIAGO,13,100 o más,160,25,135,160,25,135,0,0,0,LAS CONDES,SANTIAGO,131,13114
9894,,9894,METROPOLITANA DE SANTIAGO,13,Total Comuna,105833,50500,55333,103134,48357,54777,2699,2143,556,LO BARNECHEA,SANTIAGO,131,13115
9895,,9895,METROPOLITANA DE SANTIAGO,13,0,1150,607,543,1141,601,540,9,6,3,LO BARNECHEA,SANTIAGO,131,13115
9896,,9896,METROPOLITANA DE SANTIAGO,13,1,1306,675,631,1290,664,626,16,11,5,LO BARNECHEA,SANTIAGO,131,13115
9897,,9897,METROPOLITANA DE SANTIAGO,13,2,1462,771,691,1447,763,684,15,8,7,LO BARNECHEA,SANTIAGO,131,13115
9898,,9898,METROPOLITANA DE SANTIAGO,13,3,1446,721,725,1435,716,719,11,5,6,LO BARNECHEA,SANTIAGO,131,13115
9899,,9899,METROPOLITANA DE SANTIAGO,13,4,1631,758,873,1616,751,865,15,7,8,LO BARNECHEA,SANTIAGO,131,13115
9900,,9900,METROPOLITANA DE SANTIAGO,13,5,1670,876,794,1659,868,791,11,8,3,LO BARNECHEA,SANTIAGO,131,13115
9901,,9901,METROPOLITANA DE SANTIAGO,13,6,1772,916,856,1759,908,851,13,8,5,LO BARNECHEA,SANTIAGO,131,13115
9902,,9902,METROPOLITANA DE SANTIAGO,13,7,1670,863,807,1655,853,802,15,10,5,LO BARNECHEA,SANTIAGO,131,13115
9903,,9903,METROPOLITANA DE SANTIAGO,13,8,1809,918,891,1803,913,890,6,5,1,LO BARNECHEA,SANTIAGO,131,13115
9904,,9904,METROPOLITANA DE SANTIAGO,13,9,1798,911,887,1789,906,883,9,5,4,LO BARNECHEA,SANTIAGO,131,13115
9905,,9905,METROPOLITANA DE SANTIAGO,13,10,1779,904,875,1765,897,868,14,7,7,LO BARNECHEA,SANTIAGO,131,13115
9906,,9906,METROPOLITANA DE SANTIAGO,13,11,1759,896,863,1743,890,853,16,6,10,LO BARNECHEA,SANTIAGO,131,13115
9907,,9907,METROPOLITANA DE SANTIAGO,13,12,1732,864,868,1723,858,865,9,6,3,LO BARNECHEA,SANTIAGO,131,13115
9908,,9908,METROPOLITANA DE SANTIAGO,13,13,1782,928,854,1772,921,851,10,7,3,LO BARNECHEA,SANTIAGO,131,13115
9909,,9909,METROPOLITANA DE SANTIAGO,13,14,1836,947,889,1822,939,883,14,8,6,LO BARNECHEA,SANTIAGO,131,13115
9910,,9910,METROPOLITANA DE SANTIAGO,13,15,1890,961,929,1879,956,923,11,5,6,LO BARNECHEA,SANTIAGO,131,13115
9911,,9911,METROPOLITANA DE SANTIAGO,13,16,1876,952,924,1863,947,916,13,5,8,LO BARNECHEA,SANTIAGO,131,13115
9912,,9912,METROPOLITANA DE SANTIAGO,13,17,1903,968,935,1892,964,928,11,4,7,LO BARNECHEA,SANTIAGO,131,13115
9913,,9913,METROPOLITANA DE SANTIAGO,13,18,1830,893,937,1820,889,931,10,4,6,LO BARNECHEA,SANTIAGO,131,13115
9914,,9914,METROPOLITANA DE SANTIAGO,13,19,1913,945,968,1894,933,961,19,12,7,LO BARNECHEA,SANTIAGO,131,13115
9915,,9915,METROPOLITANA DE SANTIAGO,13,20,2026,996,1030,1995,974,1021,31,22,9,LO BARNECHEA,SANTIAGO,131,13115
9916,,9916,METROPOLITANA DE SANTIAGO,13,21,1966,986,980,1934,965,969,32,21,11,LO BARNECHEA,SANTIAGO,131,13115
9917,,9917,METROPOLITANA DE SANTIAGO,13,22,1852,916,936,1814,890,924,38,26,12,LO BARNECHEA,SANTIAGO,131,13115
9918,,9918,METROPOLITANA DE SANTIAGO,13,23,1763,838,925,1730,816,914,33,22,11,LO BARNECHEA,SANTIAGO,131,13115
9919,,9919,METROPOLITANA DE SANTIAGO,13,24,1841,925,916,1790,890,900,51,35,16,LO BARNECHEA,SANTIAGO,131,13115
9920,,9920,METROPOLITANA DE SANTIAGO,13,25,1677,859,818,1628,817,811,49,42,7,LO BARNECHEA,SANTIAGO,131,13115
9921,,9921,METROPOLITANA DE SANTIAGO,13,26,1540,815,725,1484,770,714,56,45,11,LO BARNECHEA,SANTIAGO,131,13115
9922,,9922,METROPOLITANA DE SANTIAGO,13,27,1487,801,686,1420,747,673,67,54,13,LO BARNECHEA,SANTIAGO,131,13115
9923,,9923,METROPOLITANA DE SANTIAGO,13,28,1245,640,605,1173,577,596,72,63,9,LO BARNECHEA,SANTIAGO,131,13115
9924,,9924,METROPOLITANA DE SANTIAGO,13,29,1177,606,571,1093,532,561,84,74,10,LO BARNECHEA,SANTIAGO,131,13115
9925,,9925,METROPOLITANA DE SANTIAGO,13,30,1091,519,572,1040,476,564,51,43,8,LO BARNECHEA,SANTIAGO,131,13115
9926,,9926,METROPOLITANA DE SANTIAGO,13,31,984,475,509,898,403,495,86,72,14,LO BARNECHEA,SANTIAGO,131,13115
9927,,9927,METROPOLITANA DE SANTIAGO,13,32,993,463,530,934,408,526,59,55,4,LO BARNECHEA,SANTIAGO,131,13115
9928,,9928,METROPOLITANA DE SANTIAGO,13,33,1047,470,577,972,410,562,75,60,15,LO BARNECHEA,SANTIAGO,131,13115
9929,,9929,METROPOLITANA DE SANTIAGO,13,34,1184,559,625,1082,465,617,102,94,8,LO BARNECHEA,SANTIAGO,131,13115
9930,,9930,METROPOLITANA DE SANTIAGO,13,35,1281,573,708,1203,502,701,78,71,7,LO BARNECHEA,SANTIAGO,131,13115
9931,,9931,METROPOLITANA DE SANTIAGO,13,36,1338,621,717,1264,556,708,74,65,9,LO BARNECHEA,SANTIAGO,131,13115
9932,,9932,METROPOLITANA DE SANTIAGO,13,37,1295,576,719,1231,519,712,64,57,7,LO BARNECHEA,SANTIAGO,131,13115
9933,,9933,METROPOLITANA DE SANTIAGO,13,38,1439,607,832,1367,543,824,72,64,8,LO BARNECHEA,SANTIAGO,131,13115
9934,,9934,METROPOLITANA DE SANTIAGO,13,39,1498,678,820,1407,599,808,91,79,12,LO BARNECHEA,SANTIAGO,131,13115
9935,,9935,METROPOLITANA DE SANTIAGO,13,40,1488,677,811,1429,626,803,59,51,8,LO BARNECHEA,SANTIAGO,131,13115
9936,,9936,METROPOLITANA DE SANTIAGO,13,41,1551,650,901,1473,586,887,78,64,14,LO BARNECHEA,SANTIAGO,131,13115
9937,,9937,METROPOLITANA DE SANTIAGO,13,42,1593,712,881,1522,651,871,71,61,10,LO BARNECHEA,SANTIAGO,131,13115
9938,,9938,METROPOLITANA DE SANTIAGO,13,43,1618,698,920,1573,658,915,45,40,5,LO BARNECHEA,SANTIAGO,131,13115
9939,,9939,METROPOLITANA DE SANTIAGO,13,44,1678,738,940,1625,694,931,53,44,9,LO BARNECHEA,SANTIAGO,131,13115
9940,,9940,METROPOLITANA DE SANTIAGO,13,45,1674,722,952,1612,672,940,62,50,12,LO BARNECHEA,SANTIAGO,131,13115
9941,,9941,METROPOLITANA DE SANTIAGO,13,46,1630,755,875,1556,694,862,74,61,13,LO BARNECHEA,SANTIAGO,131,13115
9942,,9942,METROPOLITANA DE SANTIAGO,13,47,1676,708,968,1619,662,957,57,46,11,LO BARNECHEA,SANTIAGO,131,13115
9943,,9943,METROPOLITANA DE SANTIAGO,13,48,1583,663,920,1526,618,908,57,45,12,LO BARNECHEA,SANTIAGO,131,13115
9944,,9944,METROPOLITANA DE SANTIAGO,13,49,1651,732,919,1588,686,902,63,46,17,LO BARNECHEA,SANTIAGO,131,13115
9945,,9945,METROPOLITANA DE SANTIAGO,13,50,1594,727,867,1543,687,856,51,40,11,LO BARNECHEA,SANTIAGO,131,13115
9946,,9946,METROPOLITANA DE SANTIAGO,13,51,1578,697,881,1534,664,870,44,33,11,LO BARNECHEA,SANTIAGO,131,13115
9947,,9947,METROPOLITANA DE SANTIAGO,13,52,1654,744,910,1601,699,902,53,45,8,LO BARNECHEA,SANTIAGO,131,13115
9948,,9948,METROPOLITANA DE SANTIAGO,13,53,1539,719,820,1498,685,813,41,34,7,LO BARNECHEA,SANTIAGO,131,13115
9949,,9949,METROPOLITANA DE SANTIAGO,13,54,1529,721,808,1480,684,796,49,37,12,LO BARNECHEA,SANTIAGO,131,13115
9950,,9950,METROPOLITANA DE SANTIAGO,13,55,1439,623,816,1396,586,810,43,37,6,LO BARNECHEA,SANTIAGO,131,13115
9951,,9951,METROPOLITANA DE SANTIAGO,13,56,1365,643,722,1331,617,714,34,26,8,LO BARNECHEA,SANTIAGO,131,13115
9952,,9952,METROPOLITANA DE SANTIAGO,13,57,1299,614,685,1254,578,676,45,36,9,LO BARNECHEA,SANTIAGO,131,13115
9953,,9953,METROPOLITANA DE SANTIAGO,13,58,1197,526,671,1171,510,661,26,16,10,LO BARNECHEA,SANTIAGO,131,13115
9954,,9954,METROPOLITANA DE SANTIAGO,13,59,1155,532,623,1127,509,618,28,23,5,LO BARNECHEA,SANTIAGO,131,13115
9955,,9955,METROPOLITANA DE SANTIAGO,13,60,1065,498,567,1046,483,563,19,15,4,LO BARNECHEA,SANTIAGO,131,13115
9956,,9956,METROPOLITANA DE SANTIAGO,13,61,941,439,502,927,427,500,14,12,2,LO BARNECHEA,SANTIAGO,131,13115
9957,,9957,METROPOLITANA DE SANTIAGO,13,62,927,444,483,908,430,478,19,14,5,LO BARNECHEA,SANTIAGO,131,13115
9958,,9958,METROPOLITANA DE SANTIAGO,13,63,887,409,478,866,393,473,21,16,5,LO BARNECHEA,SANTIAGO,131,13115
9959,,9959,METROPOLITANA DE SANTIAGO,13,64,758,365,393,751,362,389,7,3,4,LO BARNECHEA,SANTIAGO,131,13115
9960,,9960,METROPOLITANA DE SANTIAGO,13,65,680,326,354,671,318,353,9,8,1,LO BARNECHEA,SANTIAGO,131,13115
9961,,9961,METROPOLITANA DE SANTIAGO,13,66,614,280,334,604,273,331,10,7,3,LO BARNECHEA,SANTIAGO,131,13115
9962,,9962,METROPOLITANA DE SANTIAGO,13,67,585,272,313,575,266,309,10,6,4,LO BARNECHEA,SANTIAGO,131,13115
9963,,9963,METROPOLITANA DE SANTIAGO,13,68,543,261,282,538,259,279,5,2,3,LO BARNECHEA,SANTIAGO,131,13115
9964,,9964,METROPOLITANA DE SANTIAGO,13,69,510,255,255,504,252,252,6,3,3,LO BARNECHEA,SANTIAGO,131,13115
9965,,9965,METROPOLITANA DE SANTIAGO,13,70,500,245,255,495,243,252,5,2,3,LO BARNECHEA,SANTIAGO,131,13115
9966,,9966,METROPOLITANA DE SANTIAGO,13,71,486,228,258,483,225,258,3,3,0,LO BARNECHEA,SANTIAGO,131,13115
9967,,9967,METROPOLITANA DE SANTIAGO,13,72,382,169,213,380,168,212,2,1,1,LO BARNECHEA,SANTIAGO,131,13115
9968,,9968,METROPOLITANA DE SANTIAGO,13,73,378,182,196,374,180,194,4,2,2,LO BARNECHEA,SANTIAGO,131,13115
9969,,9969,METROPOLITANA DE SANTIAGO,13,74,363,163,200,358,160,198,5,3,2,LO BARNECHEA,SANTIAGO,131,13115
9970,,9970,METROPOLITANA DE SANTIAGO,13,75,312,149,163,308,146,162,4,3,1,LO BARNECHEA,SANTIAGO,131,13115
9971,,9971,METROPOLITANA DE SANTIAGO,13,76,279,117,162,278,116,162,1,1,0,LO BARNECHEA,SANTIAGO,131,13115
9972,,9972,METROPOLITANA DE SANTIAGO,13,77,216,88,128,216,88,128,0,0,0,LO BARNECHEA,SANTIAGO,131,13115
9973,,9973,METROPOLITANA DE SANTIAGO,13,78,198,82,116,198,82,116,0,0,0,LO BARNECHEA,SANTIAGO,131,13115
9974,,9974,METROPOLITANA DE SANTIAGO,13,79,212,81,131,212,81,131,0,0,0,LO BARNECHEA,SANTIAGO,131,13115
9975,,9975,METROPOLITANA DE SANTIAGO,13,80,179,78,101,177,77,100,2,1,1,LO BARNECHEA,SANTIAGO,131,13115
9976,,9976,METROPOLITANA DE SANTIAGO,13,81,175,87,88,173,85,88,2,2,0,LO BARNECHEA,SANTIAGO,131,13115
9977,,9977,METROPOLITANA DE SANTIAGO,13,82,160,68,92,160,68,92,0,0,0,LO BARNECHEA,SANTIAGO,131,13115
9978,,9978,METROPOLITANA DE SANTIAGO,13,83,149,73,76,149,73,76,0,0,0,LO BARNECHEA,SANTIAGO,131,13115
9979,,9979,METROPOLITANA DE SANTIAGO,13,84,172,56,116,169,55,114,3,1,2,LO BARNECHEA,SANTIAGO,131,13115
9980,,9980,METROPOLITANA DE SANTIAGO,13,85,134,52,82,133,51,82,1,1,0,LO BARNECHEA,SANTIAGO,131,13115
9981,,9981,METROPOLITANA DE SANTIAGO,13,86,108,35,73,108,35,73,0,0,0,LO BARNECHEA,SANTIAGO,131,13115
9982,,9982,METROPOLITANA DE SANTIAGO,13,87,105,45,60,104,44,60,1,1,0,LO BARNECHEA,SANTIAGO,131,13115
9983,,9983,METROPOLITANA DE SANTIAGO,13,88,109,29,80,109,29,80,0,0,0,LO BARNECHEA,SANTIAGO,131,13115
9984,,9984,METROPOLITANA DE SANTIAGO,13,89,89,31,58,89,31,58,0,0,0,LO BARNECHEA,SANTIAGO,131,13115
9985,,9985,METROPOLITANA DE SANTIAGO,13,90,76,29,47,76,29,47,0,0,0,LO BARNECHEA,SANTIAGO,131,13115
9986,,9986,METROPOLITANA DE SANTIAGO,13,91,62,13,49,62,13,49,0,0,0,LO BARNECHEA,SANTIAGO,131,13115
9987,,9987,METROPOLITANA DE SANTIAGO,13,92,47,11,36,47,11,36,0,0,0,LO BARNECHEA,SANTIAGO,131,13115
9988,,9988,METROPOLITANA DE SANTIAGO,13,93,35,3,32,35,3,32,0,0,0,LO BARNECHEA,SANTIAGO,131,13115
9989,,9989,METROPOLITANA DE SANTIAGO,13,94,37,8,29,37,8,29,0,0,0,LO BARNECHEA,SANTIAGO,131,13115
9990,,9990,METROPOLITANA DE SANTIAGO,13,95,30,3,27,30,3,27,0,0,0,LO BARNECHEA,SANTIAGO,131,13115
9991,,9991,METROPOLITANA DE SANTIAGO,13,96,23,8,15,23,8,15,0,0,0,LO BARNECHEA,SANTIAGO,131,13115
9992,,9992,METROPOLITANA DE SANTIAGO,13,97,25,9,16,25,9,16,0,0,0,LO BARNECHEA,SANTIAGO,131,13115
9993,,9993,METROPOLITANA DE SANTIAGO,13,98,12,2,10,12,2,10,0,0,0,LO BARNECHEA,SANTIAGO,131,13115
9994,,9994,METROPOLITANA DE SANTIAGO,13,99,9,1,8,9,1,8,0,0,0,LO BARNECHEA,SANTIAGO,131,13115
9995,,9995,METROPOLITANA DE SANTIAGO,13,100 o más,32,8,24,31,8,23,1,0,1,LO BARNECHEA,SANTIAGO,131,13115
9996,,9996,METROPOLITANA DE SANTIAGO,13,Total Comuna,98804,49146,49658,98804,49146,49658,0,0,0,LO ESPEJO,SANTIAGO,131,13116
9997,,9997,METROPOLITANA DE SANTIAGO,13,0,1186,616,570,1186,616,570,0,0,0,LO ESPEJO,SANTIAGO,131,13116
9998,,9998,METROPOLITANA DE SANTIAGO,13,1,1343,706,637,1343,706,637,0,0,0,LO ESPEJO,SANTIAGO,131,13116
9999,,9999,METROPOLITANA DE SANTIAGO,13,2,1337,686,651,1337,686,651,0,0,0,LO ESPEJO,SANTIAGO,131,13116
10000,,10000,METROPOLITANA DE SANTIAGO,13,3,1292,637,655,1292,637,655,0,0,0,LO ESPEJO,SANTIAGO,131,13116
10001,,10001,METROPOLITANA DE SANTIAGO,13,4,1387,705,682,1387,705,682,0,0,0,LO ESPEJO,SANTIAGO,131,13116
10002,,10002,METROPOLITANA DE SANTIAGO,13,5,1381,696,685,1381,696,685,0,0,0,LO ESPEJO,SANTIAGO,131,13116
10003,,10003,METROPOLITANA DE SANTIAGO,13,6,1389,712,677,1389,712,677,0,0,0,LO ESPEJO,SANTIAGO,131,13116
10004,,10004,METROPOLITANA DE SANTIAGO,13,7,1429,736,693,1429,736,693,0,0,0,LO ESPEJO,SANTIAGO,131,13116
10005,,10005,METROPOLITANA DE SANTIAGO,13,8,1347,731,616,1347,731,616,0,0,0,LO ESPEJO,SANTIAGO,131,13116
10006,,10006,METROPOLITANA DE SANTIAGO,13,9,1295,683,612,1295,683,612,0,0,0,LO ESPEJO,SANTIAGO,131,13116
10007,,10007,METROPOLITANA DE SANTIAGO,13,10,1206,646,560,1206,646,560,0,0,0,LO ESPEJO,SANTIAGO,131,13116
10008,,10008,METROPOLITANA DE SANTIAGO,13,11,1253,651,602,1253,651,602,0,0,0,LO ESPEJO,SANTIAGO,131,13116
10009,,10009,METROPOLITANA DE SANTIAGO,13,12,1173,589,584,1173,589,584,0,0,0,LO ESPEJO,SANTIAGO,131,13116
10010,,10010,METROPOLITANA DE SANTIAGO,13,13,1183,611,572,1183,611,572,0,0,0,LO ESPEJO,SANTIAGO,131,13116
10011,,10011,METROPOLITANA DE SANTIAGO,13,14,1258,603,655,1258,603,655,0,0,0,LO ESPEJO,SANTIAGO,131,13116
10012,,10012,METROPOLITANA DE SANTIAGO,13,15,1297,652,645,1297,652,645,0,0,0,LO ESPEJO,SANTIAGO,131,13116
10013,,10013,METROPOLITANA DE SANTIAGO,13,16,1399,695,704,1399,695,704,0,0,0,LO ESPEJO,SANTIAGO,131,13116
10014,,10014,METROPOLITANA DE SANTIAGO,13,17,1461,744,717,1461,744,717,0,0,0,LO ESPEJO,SANTIAGO,131,13116
10015,,10015,METROPOLITANA DE SANTIAGO,13,18,1375,657,718,1375,657,718,0,0,0,LO ESPEJO,SANTIAGO,131,13116
10016,,10016,METROPOLITANA DE SANTIAGO,13,19,1478,767,711,1478,767,711,0,0,0,LO ESPEJO,SANTIAGO,131,13116
10017,,10017,METROPOLITANA DE SANTIAGO,13,20,1597,795,802,1597,795,802,0,0,0,LO ESPEJO,SANTIAGO,131,13116
10018,,10018,METROPOLITANA DE SANTIAGO,13,21,1669,840,829,1669,840,829,0,0,0,LO ESPEJO,SANTIAGO,131,13116
10019,,10019,METROPOLITANA DE SANTIAGO,13,22,1720,883,837,1720,883,837,0,0,0,LO ESPEJO,SANTIAGO,131,13116
10020,,10020,METROPOLITANA DE SANTIAGO,13,23,1883,935,948,1883,935,948,0,0,0,LO ESPEJO,SANTIAGO,131,13116
10021,,10021,METROPOLITANA DE SANTIAGO,13,24,1766,903,863,1766,903,863,0,0,0,LO ESPEJO,SANTIAGO,131,13116
10022,,10022,METROPOLITANA DE SANTIAGO,13,25,1830,942,888,1830,942,888,0,0,0,LO ESPEJO,SANTIAGO,131,13116
10023,,10023,METROPOLITANA DE SANTIAGO,13,26,1825,987,838,1825,987,838,0,0,0,LO ESPEJO,SANTIAGO,131,13116
10024,,10024,METROPOLITANA DE SANTIAGO,13,27,1797,921,876,1797,921,876,0,0,0,LO ESPEJO,SANTIAGO,131,13116
10025,,10025,METROPOLITANA DE SANTIAGO,13,28,1747,918,829,1747,918,829,0,0,0,LO ESPEJO,SANTIAGO,131,13116
10026,,10026,METROPOLITANA DE SANTIAGO,13,29,1643,869,774,1643,869,774,0,0,0,LO ESPEJO,SANTIAGO,131,13116
10027,,10027,METROPOLITANA DE SANTIAGO,13,30,1485,787,698,1485,787,698,0,0,0,LO ESPEJO,SANTIAGO,131,13116
10028,,10028,METROPOLITANA DE SANTIAGO,13,31,1377,765,612,1377,765,612,0,0,0,LO ESPEJO,SANTIAGO,131,13116
10029,,10029,METROPOLITANA DE SANTIAGO,13,32,1201,591,610,1201,591,610,0,0,0,LO ESPEJO,SANTIAGO,131,13116
10030,,10030,METROPOLITANA DE SANTIAGO,13,33,1235,658,577,1235,658,577,0,0,0,LO ESPEJO,SANTIAGO,131,13116
10031,,10031,METROPOLITANA DE SANTIAGO,13,34,1307,672,635,1307,672,635,0,0,0,LO ESPEJO,SANTIAGO,131,13116
10032,,10032,METROPOLITANA DE SANTIAGO,13,35,1340,718,622,1340,718,622,0,0,0,LO ESPEJO,SANTIAGO,131,13116
10033,,10033,METROPOLITANA DE SANTIAGO,13,36,1175,619,556,1175,619,556,0,0,0,LO ESPEJO,SANTIAGO,131,13116
10034,,10034,METROPOLITANA DE SANTIAGO,13,37,1131,584,547,1131,584,547,0,0,0,LO ESPEJO,SANTIAGO,131,13116
10035,,10035,METROPOLITANA DE SANTIAGO,13,38,1076,579,497,1076,579,497,0,0,0,LO ESPEJO,SANTIAGO,131,13116
10036,,10036,METROPOLITANA DE SANTIAGO,13,39,1012,506,506,1012,506,506,0,0,0,LO ESPEJO,SANTIAGO,131,13116
10037,,10037,METROPOLITANA DE SANTIAGO,13,40,975,500,475,975,500,475,0,0,0,LO ESPEJO,SANTIAGO,131,13116
10038,,10038,METROPOLITANA DE SANTIAGO,13,41,994,526,468,994,526,468,0,0,0,LO ESPEJO,SANTIAGO,131,13116
10039,,10039,METROPOLITANA DE SANTIAGO,13,42,1109,602,507,1109,602,507,0,0,0,LO ESPEJO,SANTIAGO,131,13116
10040,,10040,METROPOLITANA DE SANTIAGO,13,43,1173,617,556,1173,617,556,0,0,0,LO ESPEJO,SANTIAGO,131,13116
10041,,10041,METROPOLITANA DE SANTIAGO,13,44,1253,625,628,1253,625,628,0,0,0,LO ESPEJO,SANTIAGO,131,13116
10042,,10042,METROPOLITANA DE SANTIAGO,13,45,1260,637,623,1260,637,623,0,0,0,LO ESPEJO,SANTIAGO,131,13116
10043,,10043,METROPOLITANA DE SANTIAGO,13,46,1144,558,586,1144,558,586,0,0,0,LO ESPEJO,SANTIAGO,131,13116
10044,,10044,METROPOLITANA DE SANTIAGO,13,47,1110,573,537,1110,573,537,0,0,0,LO ESPEJO,SANTIAGO,131,13116
10045,,10045,METROPOLITANA DE SANTIAGO,13,48,1187,593,594,1187,593,594,0,0,0,LO ESPEJO,SANTIAGO,131,13116
10046,,10046,METROPOLITANA DE SANTIAGO,13,49,1263,611,652,1263,611,652,0,0,0,LO ESPEJO,SANTIAGO,131,13116
10047,,10047,METROPOLITANA DE SANTIAGO,13,50,1326,671,655,1326,671,655,0,0,0,LO ESPEJO,SANTIAGO,131,13116
10048,,10048,METROPOLITANA DE SANTIAGO,13,51,1325,648,677,1325,648,677,0,0,0,LO ESPEJO,SANTIAGO,131,13116
10049,,10049,METROPOLITANA DE SANTIAGO,13,52,1454,739,715,1454,739,715,0,0,0,LO ESPEJO,SANTIAGO,131,13116
10050,,10050,METROPOLITANA DE SANTIAGO,13,53,1513,743,770,1513,743,770,0,0,0,LO ESPEJO,SANTIAGO,131,13116
10051,,10051,METROPOLITANA DE SANTIAGO,13,54,1526,738,788,1526,738,788,0,0,0,LO ESPEJO,SANTIAGO,131,13116
10052,,10052,METROPOLITANA DE SANTIAGO,13,55,1484,722,762,1484,722,762,0,0,0,LO ESPEJO,SANTIAGO,131,13116
10053,,10053,METROPOLITANA DE SANTIAGO,13,56,1577,801,776,1577,801,776,0,0,0,LO ESPEJO,SANTIAGO,131,13116
10054,,10054,METROPOLITANA DE SANTIAGO,13,57,1464,699,765,1464,699,765,0,0,0,LO ESPEJO,SANTIAGO,131,13116
10055,,10055,METROPOLITANA DE SANTIAGO,13,58,1419,717,702,1419,717,702,0,0,0,LO ESPEJO,SANTIAGO,131,13116
10056,,10056,METROPOLITANA DE SANTIAGO,13,59,1257,627,630,1257,627,630,0,0,0,LO ESPEJO,SANTIAGO,131,13116
10057,,10057,METROPOLITANA DE SANTIAGO,13,60,1215,600,615,1215,600,615,0,0,0,LO ESPEJO,SANTIAGO,131,13116
10058,,10058,METROPOLITANA DE SANTIAGO,13,61,1098,555,543,1098,555,543,0,0,0,LO ESPEJO,SANTIAGO,131,13116
10059,,10059,METROPOLITANA DE SANTIAGO,13,62,986,473,513,986,473,513,0,0,0,LO ESPEJO,SANTIAGO,131,13116
10060,,10060,METROPOLITANA DE SANTIAGO,13,63,980,473,507,980,473,507,0,0,0,LO ESPEJO,SANTIAGO,131,13116
10061,,10061,METROPOLITANA DE SANTIAGO,13,64,861,406,455,861,406,455,0,0,0,LO ESPEJO,SANTIAGO,131,13116
10062,,10062,METROPOLITANA DE SANTIAGO,13,65,785,364,421,785,364,421,0,0,0,LO ESPEJO,SANTIAGO,131,13116
10063,,10063,METROPOLITANA DE SANTIAGO,13,66,740,358,382,740,358,382,0,0,0,LO ESPEJO,SANTIAGO,131,13116
10064,,10064,METROPOLITANA DE SANTIAGO,13,67,706,321,385,706,321,385,0,0,0,LO ESPEJO,SANTIAGO,131,13116
10065,,10065,METROPOLITANA DE SANTIAGO,13,68,632,286,346,632,286,346,0,0,0,LO ESPEJO,SANTIAGO,131,13116
10066,,10066,METROPOLITANA DE SANTIAGO,13,69,666,295,371,666,295,371,0,0,0,LO ESPEJO,SANTIAGO,131,13116
10067,,10067,METROPOLITANA DE SANTIAGO,13,70,599,275,324,599,275,324,0,0,0,LO ESPEJO,SANTIAGO,131,13116
10068,,10068,METROPOLITANA DE SANTIAGO,13,71,599,259,340,599,259,340,0,0,0,LO ESPEJO,SANTIAGO,131,13116
10069,,10069,METROPOLITANA DE SANTIAGO,13,72,526,253,273,526,253,273,0,0,0,LO ESPEJO,SANTIAGO,131,13116
10070,,10070,METROPOLITANA DE SANTIAGO,13,73,481,217,264,481,217,264,0,0,0,LO ESPEJO,SANTIAGO,131,13116
10071,,10071,METROPOLITANA DE SANTIAGO,13,74,476,187,289,476,187,289,0,0,0,LO ESPEJO,SANTIAGO,131,13116
10072,,10072,METROPOLITANA DE SANTIAGO,13,75,442,185,257,442,185,257,0,0,0,LO ESPEJO,SANTIAGO,131,13116
10073,,10073,METROPOLITANA DE SANTIAGO,13,76,459,182,277,459,182,277,0,0,0,LO ESPEJO,SANTIAGO,131,13116
10074,,10074,METROPOLITANA DE SANTIAGO,13,77,415,147,268,415,147,268,0,0,0,LO ESPEJO,SANTIAGO,131,13116
10075,,10075,METROPOLITANA DE SANTIAGO,13,78,381,141,240,381,141,240,0,0,0,LO ESPEJO,SANTIAGO,131,13116
10076,,10076,METROPOLITANA DE SANTIAGO,13,79,349,119,230,349,119,230,0,0,0,LO ESPEJO,SANTIAGO,131,13116
10077,,10077,METROPOLITANA DE SANTIAGO,13,80,339,127,212,339,127,212,0,0,0,LO ESPEJO,SANTIAGO,131,13116
10078,,10078,METROPOLITANA DE SANTIAGO,13,81,323,117,206,323,117,206,0,0,0,LO ESPEJO,SANTIAGO,131,13116
10079,,10079,METROPOLITANA DE SANTIAGO,13,82,321,105,216,321,105,216,0,0,0,LO ESPEJO,SANTIAGO,131,13116
10080,,10080,METROPOLITANA DE SANTIAGO,13,83,301,114,187,301,114,187,0,0,0,LO ESPEJO,SANTIAGO,131,13116
10081,,10081,METROPOLITANA DE SANTIAGO,13,84,351,116,235,351,116,235,0,0,0,LO ESPEJO,SANTIAGO,131,13116
10082,,10082,METROPOLITANA DE SANTIAGO,13,85,292,94,198,292,94,198,0,0,0,LO ESPEJO,SANTIAGO,131,13116
10083,,10083,METROPOLITANA DE SANTIAGO,13,86,284,97,187,284,97,187,0,0,0,LO ESPEJO,SANTIAGO,131,13116
10084,,10084,METROPOLITANA DE SANTIAGO,13,87,241,75,166,241,75,166,0,0,0,LO ESPEJO,SANTIAGO,131,13116
10085,,10085,METROPOLITANA DE SANTIAGO,13,88,195,63,132,195,63,132,0,0,0,LO ESPEJO,SANTIAGO,131,13116
10086,,10086,METROPOLITANA DE SANTIAGO,13,89,164,52,112,164,52,112,0,0,0,LO ESPEJO,SANTIAGO,131,13116
10087,,10087,METROPOLITANA DE SANTIAGO,13,90,120,35,85,120,35,85,0,0,0,LO ESPEJO,SANTIAGO,131,13116
10088,,10088,METROPOLITANA DE SANTIAGO,13,91,96,27,69,96,27,69,0,0,0,LO ESPEJO,SANTIAGO,131,13116
10089,,10089,METROPOLITANA DE SANTIAGO,13,92,79,28,51,79,28,51,0,0,0,LO ESPEJO,SANTIAGO,131,13116
10090,,10090,METROPOLITANA DE SANTIAGO,13,93,52,19,33,52,19,33,0,0,0,LO ESPEJO,SANTIAGO,131,13116
10091,,10091,METROPOLITANA DE SANTIAGO,13,94,50,14,36,50,14,36,0,0,0,LO ESPEJO,SANTIAGO,131,13116
10092,,10092,METROPOLITANA DE SANTIAGO,13,95,20,9,11,20,9,11,0,0,0,LO ESPEJO,SANTIAGO,131,13116
10093,,10093,METROPOLITANA DE SANTIAGO,13,96,30,6,24,30,6,24,0,0,0,LO ESPEJO,SANTIAGO,131,13116
10094,,10094,METROPOLITANA DE SANTIAGO,13,97,17,2,15,17,2,15,0,0,0,LO ESPEJO,SANTIAGO,131,13116
10095,,10095,METROPOLITANA DE SANTIAGO,13,98,7,1,6,7,1,6,0,0,0,LO ESPEJO,SANTIAGO,131,13116
10096,,10096,METROPOLITANA DE SANTIAGO,13,99,11,2,9,11,2,9,0,0,0,LO ESPEJO,SANTIAGO,131,13116
10097,,10097,METROPOLITANA DE SANTIAGO,13,100 o más,17,5,12,17,5,12,0,0,0,LO ESPEJO,SANTIAGO,131,13116
10098,,10098,METROPOLITANA DE SANTIAGO,13,Total Comuna,96249,46799,49450,96249,46799,49450,0,0,0,LO PRADO,SANTIAGO,131,13117
10099,,10099,METROPOLITANA DE SANTIAGO,13,0,1138,547,591,1138,547,591,0,0,0,LO PRADO,SANTIAGO,131,13117
10100,,10100,METROPOLITANA DE SANTIAGO,13,1,1153,576,577,1153,576,577,0,0,0,LO PRADO,SANTIAGO,131,13117
10101,,10101,METROPOLITANA DE SANTIAGO,13,2,1217,617,600,1217,617,600,0,0,0,LO PRADO,SANTIAGO,131,13117
10102,,10102,METROPOLITANA DE SANTIAGO,13,3,1127,572,555,1127,572,555,0,0,0,LO PRADO,SANTIAGO,131,13117
10103,,10103,METROPOLITANA DE SANTIAGO,13,4,1175,588,587,1175,588,587,0,0,0,LO PRADO,SANTIAGO,131,13117
10104,,10104,METROPOLITANA DE SANTIAGO,13,5,1193,579,614,1193,579,614,0,0,0,LO PRADO,SANTIAGO,131,13117
10105,,10105,METROPOLITANA DE SANTIAGO,13,6,1158,578,580,1158,578,580,0,0,0,LO PRADO,SANTIAGO,131,13117
10106,,10106,METROPOLITANA DE SANTIAGO,13,7,1269,640,629,1269,640,629,0,0,0,LO PRADO,SANTIAGO,131,13117
10107,,10107,METROPOLITANA DE SANTIAGO,13,8,1192,624,568,1192,624,568,0,0,0,LO PRADO,SANTIAGO,131,13117
10108,,10108,METROPOLITANA DE SANTIAGO,13,9,1197,605,592,1197,605,592,0,0,0,LO PRADO,SANTIAGO,131,13117
10109,,10109,METROPOLITANA DE SANTIAGO,13,10,1127,606,521,1127,606,521,0,0,0,LO PRADO,SANTIAGO,131,13117
10110,,10110,METROPOLITANA DE SANTIAGO,13,11,1118,603,515,1118,603,515,0,0,0,LO PRADO,SANTIAGO,131,13117
10111,,10111,METROPOLITANA DE SANTIAGO,13,12,1088,546,542,1088,546,542,0,0,0,LO PRADO,SANTIAGO,131,13117
10112,,10112,METROPOLITANA DE SANTIAGO,13,13,1136,582,554,1136,582,554,0,0,0,LO PRADO,SANTIAGO,131,13117
10113,,10113,METROPOLITANA DE SANTIAGO,13,14,1206,625,581,1206,625,581,0,0,0,LO PRADO,SANTIAGO,131,13117
10114,,10114,METROPOLITANA DE SANTIAGO,13,15,1153,586,567,1153,586,567,0,0,0,LO PRADO,SANTIAGO,131,13117
10115,,10115,METROPOLITANA DE SANTIAGO,13,16,1198,624,574,1198,624,574,0,0,0,LO PRADO,SANTIAGO,131,13117
10116,,10116,METROPOLITANA DE SANTIAGO,13,17,1295,623,672,1295,623,672,0,0,0,LO PRADO,SANTIAGO,131,13117
10117,,10117,METROPOLITANA DE SANTIAGO,13,18,1349,670,679,1349,670,679,0,0,0,LO PRADO,SANTIAGO,131,13117
10118,,10118,METROPOLITANA DE SANTIAGO,13,19,1451,696,755,1451,696,755,0,0,0,LO PRADO,SANTIAGO,131,13117
10119,,10119,METROPOLITANA DE SANTIAGO,13,20,1490,753,737,1490,753,737,0,0,0,LO PRADO,SANTIAGO,131,13117
10120,,10120,METROPOLITANA DE SANTIAGO,13,21,1558,798,760,1558,798,760,0,0,0,LO PRADO,SANTIAGO,131,13117
10121,,10121,METROPOLITANA DE SANTIAGO,13,22,1656,830,826,1656,830,826,0,0,0,LO PRADO,SANTIAGO,131,13117
10122,,10122,METROPOLITANA DE SANTIAGO,13,23,1698,879,819,1698,879,819,0,0,0,LO PRADO,SANTIAGO,131,13117
10123,,10123,METROPOLITANA DE SANTIAGO,13,24,1688,884,804,1688,884,804,0,0,0,LO PRADO,SANTIAGO,131,13117
10124,,10124,METROPOLITANA DE SANTIAGO,13,25,1698,882,816,1698,882,816,0,0,0,LO PRADO,SANTIAGO,131,13117
10125,,10125,METROPOLITANA DE SANTIAGO,13,26,1718,917,801,1718,917,801,0,0,0,LO PRADO,SANTIAGO,131,13117
10126,,10126,METROPOLITANA DE SANTIAGO,13,27,1746,890,856,1746,890,856,0,0,0,LO PRADO,SANTIAGO,131,13117
10127,,10127,METROPOLITANA DE SANTIAGO,13,28,1543,780,763,1543,780,763,0,0,0,LO PRADO,SANTIAGO,131,13117
10128,,10128,METROPOLITANA DE SANTIAGO,13,29,1484,769,715,1484,769,715,0,0,0,LO PRADO,SANTIAGO,131,13117
10129,,10129,METROPOLITANA DE SANTIAGO,13,30,1352,727,625,1352,727,625,0,0,0,LO PRADO,SANTIAGO,131,13117
10130,,10130,METROPOLITANA DE SANTIAGO,13,31,1348,743,605,1348,743,605,0,0,0,LO PRADO,SANTIAGO,131,13117
10131,,10131,METROPOLITANA DE SANTIAGO,13,32,1241,655,586,1241,655,586,0,0,0,LO PRADO,SANTIAGO,131,13117
10132,,10132,METROPOLITANA DE SANTIAGO,13,33,1255,658,597,1255,658,597,0,0,0,LO PRADO,SANTIAGO,131,13117
10133,,10133,METROPOLITANA DE SANTIAGO,13,34,1273,652,621,1273,652,621,0,0,0,LO PRADO,SANTIAGO,131,13117
10134,,10134,METROPOLITANA DE SANTIAGO,13,35,1269,637,632,1269,637,632,0,0,0,LO PRADO,SANTIAGO,131,13117
10135,,10135,METROPOLITANA DE SANTIAGO,13,36,1149,608,541,1149,608,541,0,0,0,LO PRADO,SANTIAGO,131,13117
10136,,10136,METROPOLITANA DE SANTIAGO,13,37,1135,592,543,1135,592,543,0,0,0,LO PRADO,SANTIAGO,131,13117
10137,,10137,METROPOLITANA DE SANTIAGO,13,38,1123,563,560,1123,563,560,0,0,0,LO PRADO,SANTIAGO,131,13117
10138,,10138,METROPOLITANA DE SANTIAGO,13,39,1141,557,584,1141,557,584,0,0,0,LO PRADO,SANTIAGO,131,13117
10139,,10139,METROPOLITANA DE SANTIAGO,13,40,1136,552,584,1136,552,584,0,0,0,LO PRADO,SANTIAGO,131,13117
10140,,10140,METROPOLITANA DE SANTIAGO,13,41,1209,613,596,1209,613,596,0,0,0,LO PRADO,SANTIAGO,131,13117
10141,,10141,METROPOLITANA DE SANTIAGO,13,42,1338,652,686,1338,652,686,0,0,0,LO PRADO,SANTIAGO,131,13117
10142,,10142,METROPOLITANA DE SANTIAGO,13,43,1456,716,740,1456,716,740,0,0,0,LO PRADO,SANTIAGO,131,13117
10143,,10143,METROPOLITANA DE SANTIAGO,13,44,1482,738,744,1482,738,744,0,0,0,LO PRADO,SANTIAGO,131,13117
10144,,10144,METROPOLITANA DE SANTIAGO,13,45,1468,718,750,1468,718,750,0,0,0,LO PRADO,SANTIAGO,131,13117
10145,,10145,METROPOLITANA DE SANTIAGO,13,46,1294,615,679,1294,615,679,0,0,0,LO PRADO,SANTIAGO,131,13117
10146,,10146,METROPOLITANA DE SANTIAGO,13,47,1245,607,638,1245,607,638,0,0,0,LO PRADO,SANTIAGO,131,13117
10147,,10147,METROPOLITANA DE SANTIAGO,13,48,1362,663,699,1362,663,699,0,0,0,LO PRADO,SANTIAGO,131,13117
10148,,10148,METROPOLITANA DE SANTIAGO,13,49,1303,616,687,1303,616,687,0,0,0,LO PRADO,SANTIAGO,131,13117
10149,,10149,METROPOLITANA DE SANTIAGO,13,50,1272,609,663,1272,609,663,0,0,0,LO PRADO,SANTIAGO,131,13117
10150,,10150,METROPOLITANA DE SANTIAGO,13,51,1344,652,692,1344,652,692,0,0,0,LO PRADO,SANTIAGO,131,13117
10151,,10151,METROPOLITANA DE SANTIAGO,13,52,1339,654,685,1339,654,685,0,0,0,LO PRADO,SANTIAGO,131,13117
10152,,10152,METROPOLITANA DE SANTIAGO,13,53,1325,653,672,1325,653,672,0,0,0,LO PRADO,SANTIAGO,131,13117
10153,,10153,METROPOLITANA DE SANTIAGO,13,54,1289,617,672,1289,617,672,0,0,0,LO PRADO,SANTIAGO,131,13117
10154,,10154,METROPOLITANA DE SANTIAGO,13,55,1229,585,644,1229,585,644,0,0,0,LO PRADO,SANTIAGO,131,13117
10155,,10155,METROPOLITANA DE SANTIAGO,13,56,1162,529,633,1162,529,633,0,0,0,LO PRADO,SANTIAGO,131,13117
10156,,10156,METROPOLITANA DE SANTIAGO,13,57,1062,509,553,1062,509,553,0,0,0,LO PRADO,SANTIAGO,131,13117
10157,,10157,METROPOLITANA DE SANTIAGO,13,58,995,470,525,995,470,525,0,0,0,LO PRADO,SANTIAGO,131,13117
10158,,10158,METROPOLITANA DE SANTIAGO,13,59,1008,470,538,1008,470,538,0,0,0,LO PRADO,SANTIAGO,131,13117
10159,,10159,METROPOLITANA DE SANTIAGO,13,60,989,490,499,989,490,499,0,0,0,LO PRADO,SANTIAGO,131,13117
10160,,10160,METROPOLITANA DE SANTIAGO,13,61,928,412,516,928,412,516,0,0,0,LO PRADO,SANTIAGO,131,13117
10161,,10161,METROPOLITANA DE SANTIAGO,13,62,855,382,473,855,382,473,0,0,0,LO PRADO,SANTIAGO,131,13117
10162,,10162,METROPOLITANA DE SANTIAGO,13,63,830,359,471,830,359,471,0,0,0,LO PRADO,SANTIAGO,131,13117
10163,,10163,METROPOLITANA DE SANTIAGO,13,64,816,357,459,816,357,459,0,0,0,LO PRADO,SANTIAGO,131,13117
10164,,10164,METROPOLITANA DE SANTIAGO,13,65,774,339,435,774,339,435,0,0,0,LO PRADO,SANTIAGO,131,13117
10165,,10165,METROPOLITANA DE SANTIAGO,13,66,830,376,454,830,376,454,0,0,0,LO PRADO,SANTIAGO,131,13117
10166,,10166,METROPOLITANA DE SANTIAGO,13,67,825,346,479,825,346,479,0,0,0,LO PRADO,SANTIAGO,131,13117
10167,,10167,METROPOLITANA DE SANTIAGO,13,68,849,338,511,849,338,511,0,0,0,LO PRADO,SANTIAGO,131,13117
10168,,10168,METROPOLITANA DE SANTIAGO,13,69,916,406,510,916,406,510,0,0,0,LO PRADO,SANTIAGO,131,13117
10169,,10169,METROPOLITANA DE SANTIAGO,13,70,836,355,481,836,355,481,0,0,0,LO PRADO,SANTIAGO,131,13117
10170,,10170,METROPOLITANA DE SANTIAGO,13,71,823,338,485,823,338,485,0,0,0,LO PRADO,SANTIAGO,131,13117
10171,,10171,METROPOLITANA DE SANTIAGO,13,72,810,344,466,810,344,466,0,0,0,LO PRADO,SANTIAGO,131,13117
10172,,10172,METROPOLITANA DE SANTIAGO,13,73,771,337,434,771,337,434,0,0,0,LO PRADO,SANTIAGO,131,13117
10173,,10173,METROPOLITANA DE SANTIAGO,13,74,721,307,414,721,307,414,0,0,0,LO PRADO,SANTIAGO,131,13117
10174,,10174,METROPOLITANA DE SANTIAGO,13,75,656,290,366,656,290,366,0,0,0,LO PRADO,SANTIAGO,131,13117
10175,,10175,METROPOLITANA DE SANTIAGO,13,76,681,276,405,681,276,405,0,0,0,LO PRADO,SANTIAGO,131,13117
10176,,10176,METROPOLITANA DE SANTIAGO,13,77,542,210,332,542,210,332,0,0,0,LO PRADO,SANTIAGO,131,13117
10177,,10177,METROPOLITANA DE SANTIAGO,13,78,499,214,285,499,214,285,0,0,0,LO PRADO,SANTIAGO,131,13117
10178,,10178,METROPOLITANA DE SANTIAGO,13,79,471,206,265,471,206,265,0,0,0,LO PRADO,SANTIAGO,131,13117
10179,,10179,METROPOLITANA DE SANTIAGO,13,80,390,144,246,390,144,246,0,0,0,LO PRADO,SANTIAGO,131,13117
10180,,10180,METROPOLITANA DE SANTIAGO,13,81,366,142,224,366,142,224,0,0,0,LO PRADO,SANTIAGO,131,13117
10181,,10181,METROPOLITANA DE SANTIAGO,13,82,344,131,213,344,131,213,0,0,0,LO PRADO,SANTIAGO,131,13117
10182,,10182,METROPOLITANA DE SANTIAGO,13,83,293,101,192,293,101,192,0,0,0,LO PRADO,SANTIAGO,131,13117
10183,,10183,METROPOLITANA DE SANTIAGO,13,84,295,97,198,295,97,198,0,0,0,LO PRADO,SANTIAGO,131,13117
10184,,10184,METROPOLITANA DE SANTIAGO,13,85,234,84,150,234,84,150,0,0,0,LO PRADO,SANTIAGO,131,13117
10185,,10185,METROPOLITANA DE SANTIAGO,13,86,220,75,145,220,75,145,0,0,0,LO PRADO,SANTIAGO,131,13117
10186,,10186,METROPOLITANA DE SANTIAGO,13,87,182,61,121,182,61,121,0,0,0,LO PRADO,SANTIAGO,131,13117
10187,,10187,METROPOLITANA DE SANTIAGO,13,88,148,34,114,148,34,114,0,0,0,LO PRADO,SANTIAGO,131,13117
10188,,10188,METROPOLITANA DE SANTIAGO,13,89,114,38,76,114,38,76,0,0,0,LO PRADO,SANTIAGO,131,13117
10189,,10189,METROPOLITANA DE SANTIAGO,13,90,95,27,68,95,27,68,0,0,0,LO PRADO,SANTIAGO,131,13117
10190,,10190,METROPOLITANA DE SANTIAGO,13,91,70,15,55,70,15,55,0,0,0,LO PRADO,SANTIAGO,131,13117
10191,,10191,METROPOLITANA DE SANTIAGO,13,92,60,16,44,60,16,44,0,0,0,LO PRADO,SANTIAGO,131,13117
10192,,10192,METROPOLITANA DE SANTIAGO,13,93,55,15,40,55,15,40,0,0,0,LO PRADO,SANTIAGO,131,13117
10193,,10193,METROPOLITANA DE SANTIAGO,13,94,37,12,25,37,12,25,0,0,0,LO PRADO,SANTIAGO,131,13117
10194,,10194,METROPOLITANA DE SANTIAGO,13,95,33,9,24,33,9,24,0,0,0,LO PRADO,SANTIAGO,131,13117
10195,,10195,METROPOLITANA DE SANTIAGO,13,96,16,3,13,16,3,13,0,0,0,LO PRADO,SANTIAGO,131,13117
10196,,10196,METROPOLITANA DE SANTIAGO,13,97,14,3,11,14,3,11,0,0,0,LO PRADO,SANTIAGO,131,13117
10197,,10197,METROPOLITANA DE SANTIAGO,13,98,5,1,4,5,1,4,0,0,0,LO PRADO,SANTIAGO,131,13117
10198,,10198,METROPOLITANA DE SANTIAGO,13,99,6,1,5,6,1,5,0,0,0,LO PRADO,SANTIAGO,131,13117
10199,,10199,METROPOLITANA DE SANTIAGO,13,100 o más,27,9,18,27,9,18,0,0,0,LO PRADO,SANTIAGO,131,13117
10200,,10200,METROPOLITANA DE SANTIAGO,13,Total Comuna,116534,55161,61373,116534,55161,61373,0,0,0,MACUL,SANTIAGO,131,13118
10201,,10201,METROPOLITANA DE SANTIAGO,13,0,1271,648,623,1271,648,623,0,0,0,MACUL,SANTIAGO,131,13118
10202,,10202,METROPOLITANA DE SANTIAGO,13,1,1452,704,748,1452,704,748,0,0,0,MACUL,SANTIAGO,131,13118
10203,,10203,METROPOLITANA DE SANTIAGO,13,2,1362,724,638,1362,724,638,0,0,0,MACUL,SANTIAGO,131,13118
10204,,10204,METROPOLITANA DE SANTIAGO,13,3,1299,629,670,1299,629,670,0,0,0,MACUL,SANTIAGO,131,13118
10205,,10205,METROPOLITANA DE SANTIAGO,13,4,1355,686,669,1355,686,669,0,0,0,MACUL,SANTIAGO,131,13118
10206,,10206,METROPOLITANA DE SANTIAGO,13,5,1293,678,615,1293,678,615,0,0,0,MACUL,SANTIAGO,131,13118
10207,,10207,METROPOLITANA DE SANTIAGO,13,6,1404,703,701,1404,703,701,0,0,0,MACUL,SANTIAGO,131,13118
10208,,10208,METROPOLITANA DE SANTIAGO,13,7,1287,650,637,1287,650,637,0,0,0,MACUL,SANTIAGO,131,13118
10209,,10209,METROPOLITANA DE SANTIAGO,13,8,1273,626,647,1273,626,647,0,0,0,MACUL,SANTIAGO,131,13118
10210,,10210,METROPOLITANA DE SANTIAGO,13,9,1251,636,615,1251,636,615,0,0,0,MACUL,SANTIAGO,131,13118
10211,,10211,METROPOLITANA DE SANTIAGO,13,10,1279,638,641,1279,638,641,0,0,0,MACUL,SANTIAGO,131,13118
10212,,10212,METROPOLITANA DE SANTIAGO,13,11,1219,627,592,1219,627,592,0,0,0,MACUL,SANTIAGO,131,13118
10213,,10213,METROPOLITANA DE SANTIAGO,13,12,1201,643,558,1201,643,558,0,0,0,MACUL,SANTIAGO,131,13118
10214,,10214,METROPOLITANA DE SANTIAGO,13,13,1262,630,632,1262,630,632,0,0,0,MACUL,SANTIAGO,131,13118
10215,,10215,METROPOLITANA DE SANTIAGO,13,14,1289,671,618,1289,671,618,0,0,0,MACUL,SANTIAGO,131,13118
10216,,10216,METROPOLITANA DE SANTIAGO,13,15,1351,725,626,1351,725,626,0,0,0,MACUL,SANTIAGO,131,13118
10217,,10217,METROPOLITANA DE SANTIAGO,13,16,1384,726,658,1384,726,658,0,0,0,MACUL,SANTIAGO,131,13118
10218,,10218,METROPOLITANA DE SANTIAGO,13,17,1295,656,639,1295,656,639,0,0,0,MACUL,SANTIAGO,131,13118
10219,,10219,METROPOLITANA DE SANTIAGO,13,18,1466,747,719,1466,747,719,0,0,0,MACUL,SANTIAGO,131,13118
10220,,10220,METROPOLITANA DE SANTIAGO,13,19,1631,849,782,1631,849,782,0,0,0,MACUL,SANTIAGO,131,13118
10221,,10221,METROPOLITANA DE SANTIAGO,13,20,1632,811,821,1632,811,821,0,0,0,MACUL,SANTIAGO,131,13118
10222,,10222,METROPOLITANA DE SANTIAGO,13,21,1804,928,876,1804,928,876,0,0,0,MACUL,SANTIAGO,131,13118
10223,,10223,METROPOLITANA DE SANTIAGO,13,22,1792,908,884,1792,908,884,0,0,0,MACUL,SANTIAGO,131,13118
10224,,10224,METROPOLITANA DE SANTIAGO,13,23,1866,936,930,1866,936,930,0,0,0,MACUL,SANTIAGO,131,13118
10225,,10225,METROPOLITANA DE SANTIAGO,13,24,1934,969,965,1934,969,965,0,0,0,MACUL,SANTIAGO,131,13118
10226,,10226,METROPOLITANA DE SANTIAGO,13,25,1987,998,989,1987,998,989,0,0,0,MACUL,SANTIAGO,131,13118
10227,,10227,METROPOLITANA DE SANTIAGO,13,26,2058,1053,1005,2058,1053,1005,0,0,0,MACUL,SANTIAGO,131,13118
10228,,10228,METROPOLITANA DE SANTIAGO,13,27,2108,1057,1051,2108,1057,1051,0,0,0,MACUL,SANTIAGO,131,13118
10229,,10229,METROPOLITANA DE SANTIAGO,13,28,2173,1054,1119,2173,1054,1119,0,0,0,MACUL,SANTIAGO,131,13118
10230,,10230,METROPOLITANA DE SANTIAGO,13,29,2135,1063,1072,2135,1063,1072,0,0,0,MACUL,SANTIAGO,131,13118
10231,,10231,METROPOLITANA DE SANTIAGO,13,30,1990,972,1018,1990,972,1018,0,0,0,MACUL,SANTIAGO,131,13118
10232,,10232,METROPOLITANA DE SANTIAGO,13,31,1923,959,964,1923,959,964,0,0,0,MACUL,SANTIAGO,131,13118
10233,,10233,METROPOLITANA DE SANTIAGO,13,32,1886,953,933,1886,953,933,0,0,0,MACUL,SANTIAGO,131,13118
10234,,10234,METROPOLITANA DE SANTIAGO,13,33,1810,929,881,1810,929,881,0,0,0,MACUL,SANTIAGO,131,13118
10235,,10235,METROPOLITANA DE SANTIAGO,13,34,1748,899,849,1748,899,849,0,0,0,MACUL,SANTIAGO,131,13118
10236,,10236,METROPOLITANA DE SANTIAGO,13,35,1913,969,944,1913,969,944,0,0,0,MACUL,SANTIAGO,131,13118
10237,,10237,METROPOLITANA DE SANTIAGO,13,36,1685,834,851,1685,834,851,0,0,0,MACUL,SANTIAGO,131,13118
10238,,10238,METROPOLITANA DE SANTIAGO,13,37,1655,810,845,1655,810,845,0,0,0,MACUL,SANTIAGO,131,13118
10239,,10239,METROPOLITANA DE SANTIAGO,13,38,1585,775,810,1585,775,810,0,0,0,MACUL,SANTIAGO,131,13118
10240,,10240,METROPOLITANA DE SANTIAGO,13,39,1546,733,813,1546,733,813,0,0,0,MACUL,SANTIAGO,131,13118
10241,,10241,METROPOLITANA DE SANTIAGO,13,40,1548,746,802,1548,746,802,0,0,0,MACUL,SANTIAGO,131,13118
10242,,10242,METROPOLITANA DE SANTIAGO,13,41,1568,750,818,1568,750,818,0,0,0,MACUL,SANTIAGO,131,13118
10243,,10243,METROPOLITANA DE SANTIAGO,13,42,1565,771,794,1565,771,794,0,0,0,MACUL,SANTIAGO,131,13118
10244,,10244,METROPOLITANA DE SANTIAGO,13,43,1545,762,783,1545,762,783,0,0,0,MACUL,SANTIAGO,131,13118
10245,,10245,METROPOLITANA DE SANTIAGO,13,44,1462,710,752,1462,710,752,0,0,0,MACUL,SANTIAGO,131,13118
10246,,10246,METROPOLITANA DE SANTIAGO,13,45,1536,746,790,1536,746,790,0,0,0,MACUL,SANTIAGO,131,13118
10247,,10247,METROPOLITANA DE SANTIAGO,13,46,1476,717,759,1476,717,759,0,0,0,MACUL,SANTIAGO,131,13118
10248,,10248,METROPOLITANA DE SANTIAGO,13,47,1353,654,699,1353,654,699,0,0,0,MACUL,SANTIAGO,131,13118
10249,,10249,METROPOLITANA DE SANTIAGO,13,48,1493,710,783,1493,710,783,0,0,0,MACUL,SANTIAGO,131,13118
10250,,10250,METROPOLITANA DE SANTIAGO,13,49,1441,693,748,1441,693,748,0,0,0,MACUL,SANTIAGO,131,13118
10251,,10251,METROPOLITANA DE SANTIAGO,13,50,1447,637,810,1447,637,810,0,0,0,MACUL,SANTIAGO,131,13118
10252,,10252,METROPOLITANA DE SANTIAGO,13,51,1440,670,770,1440,670,770,0,0,0,MACUL,SANTIAGO,131,13118
10253,,10253,METROPOLITANA DE SANTIAGO,13,52,1588,724,864,1588,724,864,0,0,0,MACUL,SANTIAGO,131,13118
10254,,10254,METROPOLITANA DE SANTIAGO,13,53,1456,662,794,1456,662,794,0,0,0,MACUL,SANTIAGO,131,13118
10255,,10255,METROPOLITANA DE SANTIAGO,13,54,1559,725,834,1559,725,834,0,0,0,MACUL,SANTIAGO,131,13118
10256,,10256,METROPOLITANA DE SANTIAGO,13,55,1532,710,822,1532,710,822,0,0,0,MACUL,SANTIAGO,131,13118
10257,,10257,METROPOLITANA DE SANTIAGO,13,56,1495,650,845,1495,650,845,0,0,0,MACUL,SANTIAGO,131,13118
10258,,10258,METROPOLITANA DE SANTIAGO,13,57,1386,601,785,1386,601,785,0,0,0,MACUL,SANTIAGO,131,13118
10259,,10259,METROPOLITANA DE SANTIAGO,13,58,1342,568,774,1342,568,774,0,0,0,MACUL,SANTIAGO,131,13118
10260,,10260,METROPOLITANA DE SANTIAGO,13,59,1364,608,756,1364,608,756,0,0,0,MACUL,SANTIAGO,131,13118
10261,,10261,METROPOLITANA DE SANTIAGO,13,60,1312,595,717,1312,595,717,0,0,0,MACUL,SANTIAGO,131,13118
10262,,10262,METROPOLITANA DE SANTIAGO,13,61,1219,533,686,1219,533,686,0,0,0,MACUL,SANTIAGO,131,13118
10263,,10263,METROPOLITANA DE SANTIAGO,13,62,1167,451,716,1167,451,716,0,0,0,MACUL,SANTIAGO,131,13118
10264,,10264,METROPOLITANA DE SANTIAGO,13,63,1113,477,636,1113,477,636,0,0,0,MACUL,SANTIAGO,131,13118
10265,,10265,METROPOLITANA DE SANTIAGO,13,64,1145,473,672,1145,473,672,0,0,0,MACUL,SANTIAGO,131,13118
10266,,10266,METROPOLITANA DE SANTIAGO,13,65,1056,458,598,1056,458,598,0,0,0,MACUL,SANTIAGO,131,13118
10267,,10267,METROPOLITANA DE SANTIAGO,13,66,983,412,571,983,412,571,0,0,0,MACUL,SANTIAGO,131,13118
10268,,10268,METROPOLITANA DE SANTIAGO,13,67,982,408,574,982,408,574,0,0,0,MACUL,SANTIAGO,131,13118
10269,,10269,METROPOLITANA DE SANTIAGO,13,68,954,413,541,954,413,541,0,0,0,MACUL,SANTIAGO,131,13118
10270,,10270,METROPOLITANA DE SANTIAGO,13,69,997,399,598,997,399,598,0,0,0,MACUL,SANTIAGO,131,13118
10271,,10271,METROPOLITANA DE SANTIAGO,13,70,949,405,544,949,405,544,0,0,0,MACUL,SANTIAGO,131,13118
10272,,10272,METROPOLITANA DE SANTIAGO,13,71,876,334,542,876,334,542,0,0,0,MACUL,SANTIAGO,131,13118
10273,,10273,METROPOLITANA DE SANTIAGO,13,72,907,394,513,907,394,513,0,0,0,MACUL,SANTIAGO,131,13118
10274,,10274,METROPOLITANA DE SANTIAGO,13,73,779,312,467,779,312,467,0,0,0,MACUL,SANTIAGO,131,13118
10275,,10275,METROPOLITANA DE SANTIAGO,13,74,833,327,506,833,327,506,0,0,0,MACUL,SANTIAGO,131,13118
10276,,10276,METROPOLITANA DE SANTIAGO,13,75,759,312,447,759,312,447,0,0,0,MACUL,SANTIAGO,131,13118
10277,,10277,METROPOLITANA DE SANTIAGO,13,76,710,272,438,710,272,438,0,0,0,MACUL,SANTIAGO,131,13118
10278,,10278,METROPOLITANA DE SANTIAGO,13,77,675,254,421,675,254,421,0,0,0,MACUL,SANTIAGO,131,13118
10279,,10279,METROPOLITANA DE SANTIAGO,13,78,583,226,357,583,226,357,0,0,0,MACUL,SANTIAGO,131,13118
10280,,10280,METROPOLITANA DE SANTIAGO,13,79,523,198,325,523,198,325,0,0,0,MACUL,SANTIAGO,131,13118
10281,,10281,METROPOLITANA DE SANTIAGO,13,80,501,208,293,501,208,293,0,0,0,MACUL,SANTIAGO,131,13118
10282,,10282,METROPOLITANA DE SANTIAGO,13,81,456,158,298,456,158,298,0,0,0,MACUL,SANTIAGO,131,13118
10283,,10283,METROPOLITANA DE SANTIAGO,13,82,462,167,295,462,167,295,0,0,0,MACUL,SANTIAGO,131,13118
10284,,10284,METROPOLITANA DE SANTIAGO,13,83,377,143,234,377,143,234,0,0,0,MACUL,SANTIAGO,131,13118
10285,,10285,METROPOLITANA DE SANTIAGO,13,84,383,125,258,383,125,258,0,0,0,MACUL,SANTIAGO,131,13118
10286,,10286,METROPOLITANA DE SANTIAGO,13,85,389,126,263,389,126,263,0,0,0,MACUL,SANTIAGO,131,13118
10287,,10287,METROPOLITANA DE SANTIAGO,13,86,336,94,242,336,94,242,0,0,0,MACUL,SANTIAGO,131,13118
10288,,10288,METROPOLITANA DE SANTIAGO,13,87,333,105,228,333,105,228,0,0,0,MACUL,SANTIAGO,131,13118
10289,,10289,METROPOLITANA DE SANTIAGO,13,88,290,77,213,290,77,213,0,0,0,MACUL,SANTIAGO,131,13118
10290,,10290,METROPOLITANA DE SANTIAGO,13,89,247,69,178,247,69,178,0,0,0,MACUL,SANTIAGO,131,13118
10291,,10291,METROPOLITANA DE SANTIAGO,13,90,170,55,115,170,55,115,0,0,0,MACUL,SANTIAGO,131,13118
10292,,10292,METROPOLITANA DE SANTIAGO,13,91,140,36,104,140,36,104,0,0,0,MACUL,SANTIAGO,131,13118
10293,,10293,METROPOLITANA DE SANTIAGO,13,92,111,31,80,111,31,80,0,0,0,MACUL,SANTIAGO,131,13118
10294,,10294,METROPOLITANA DE SANTIAGO,13,93,103,28,75,103,28,75,0,0,0,MACUL,SANTIAGO,131,13118
10295,,10295,METROPOLITANA DE SANTIAGO,13,94,54,13,41,54,13,41,0,0,0,MACUL,SANTIAGO,131,13118
10296,,10296,METROPOLITANA DE SANTIAGO,13,95,50,16,34,50,16,34,0,0,0,MACUL,SANTIAGO,131,13118
10297,,10297,METROPOLITANA DE SANTIAGO,13,96,57,16,41,57,16,41,0,0,0,MACUL,SANTIAGO,131,13118
10298,,10298,METROPOLITANA DE SANTIAGO,13,97,31,7,24,31,7,24,0,0,0,MACUL,SANTIAGO,131,13118
10299,,10299,METROPOLITANA DE SANTIAGO,13,98,25,3,22,25,3,22,0,0,0,MACUL,SANTIAGO,131,13118
10300,,10300,METROPOLITANA DE SANTIAGO,13,99,21,4,17,21,4,17,0,0,0,MACUL,SANTIAGO,131,13118
10301,,10301,METROPOLITANA DE SANTIAGO,13,100 o más,26,7,19,26,7,19,0,0,0,MACUL,SANTIAGO,131,13118
10302,,10302,METROPOLITANA DE SANTIAGO,13,Total Comuna,521627,250792,270835,518194,248840,269354,3433,1952,1481,MAIPÚ,SANTIAGO,131,13119
10303,,10303,METROPOLITANA DE SANTIAGO,13,0,5698,2909,2789,5668,2892,2776,30,17,13,MAIPÚ,SANTIAGO,131,13119
10304,,10304,METROPOLITANA DE SANTIAGO,13,1,6426,3264,3162,6374,3235,3139,52,29,23,MAIPÚ,SANTIAGO,131,13119
10305,,10305,METROPOLITANA DE SANTIAGO,13,2,6797,3452,3345,6753,3429,3324,44,23,21,MAIPÚ,SANTIAGO,131,13119
10306,,10306,METROPOLITANA DE SANTIAGO,13,3,6559,3448,3111,6503,3420,3083,56,28,28,MAIPÚ,SANTIAGO,131,13119
10307,,10307,METROPOLITANA DE SANTIAGO,13,4,6723,3493,3230,6679,3476,3203,44,17,27,MAIPÚ,SANTIAGO,131,13119
10308,,10308,METROPOLITANA DE SANTIAGO,13,5,6724,3461,3263,6671,3439,3232,53,22,31,MAIPÚ,SANTIAGO,131,13119
10309,,10309,METROPOLITANA DE SANTIAGO,13,6,7007,3500,3507,6959,3479,3480,48,21,27,MAIPÚ,SANTIAGO,131,13119
10310,,10310,METROPOLITANA DE SANTIAGO,13,7,7098,3691,3407,7051,3665,3386,47,26,21,MAIPÚ,SANTIAGO,131,13119
10311,,10311,METROPOLITANA DE SANTIAGO,13,8,6808,3476,3332,6768,3455,3313,40,21,19,MAIPÚ,SANTIAGO,131,13119
10312,,10312,METROPOLITANA DE SANTIAGO,13,9,6771,3493,3278,6728,3476,3252,43,17,26,MAIPÚ,SANTIAGO,131,13119
10313,,10313,METROPOLITANA DE SANTIAGO,13,10,6703,3432,3271,6657,3408,3249,46,24,22,MAIPÚ,SANTIAGO,131,13119
10314,,10314,METROPOLITANA DE SANTIAGO,13,11,6598,3352,3246,6563,3335,3228,35,17,18,MAIPÚ,SANTIAGO,131,13119
10315,,10315,METROPOLITANA DE SANTIAGO,13,12,6773,3414,3359,6730,3393,3337,43,21,22,MAIPÚ,SANTIAGO,131,13119
10316,,10316,METROPOLITANA DE SANTIAGO,13,13,6966,3619,3347,6925,3596,3329,41,23,18,MAIPÚ,SANTIAGO,131,13119
10317,,10317,METROPOLITANA DE SANTIAGO,13,14,7192,3663,3529,7156,3644,3512,36,19,17,MAIPÚ,SANTIAGO,131,13119
10318,,10318,METROPOLITANA DE SANTIAGO,13,15,7445,3816,3629,7396,3790,3606,49,26,23,MAIPÚ,SANTIAGO,131,13119
10319,,10319,METROPOLITANA DE SANTIAGO,13,16,7850,4037,3813,7806,4012,3794,44,25,19,MAIPÚ,SANTIAGO,131,13119
10320,,10320,METROPOLITANA DE SANTIAGO,13,17,7862,3953,3909,7793,3907,3886,69,46,23,MAIPÚ,SANTIAGO,131,13119
10321,,10321,METROPOLITANA DE SANTIAGO,13,18,8365,4164,4201,8231,4062,4169,134,102,32,MAIPÚ,SANTIAGO,131,13119
10322,,10322,METROPOLITANA DE SANTIAGO,13,19,8481,4310,4171,8348,4208,4140,133,102,31,MAIPÚ,SANTIAGO,131,13119
10323,,10323,METROPOLITANA DE SANTIAGO,13,20,8717,4497,4220,8619,4425,4194,98,72,26,MAIPÚ,SANTIAGO,131,13119
10324,,10324,METROPOLITANA DE SANTIAGO,13,21,8940,4581,4359,8868,4537,4331,72,44,28,MAIPÚ,SANTIAGO,131,13119
10325,,10325,METROPOLITANA DE SANTIAGO,13,22,9038,4636,4402,8952,4584,4368,86,52,34,MAIPÚ,SANTIAGO,131,13119
10326,,10326,METROPOLITANA DE SANTIAGO,13,23,9083,4622,4461,9015,4579,4436,68,43,25,MAIPÚ,SANTIAGO,131,13119
10327,,10327,METROPOLITANA DE SANTIAGO,13,24,9274,4727,4547,9199,4685,4514,75,42,33,MAIPÚ,SANTIAGO,131,13119
10328,,10328,METROPOLITANA DE SANTIAGO,13,25,9060,4535,4525,8994,4492,4502,66,43,23,MAIPÚ,SANTIAGO,131,13119
10329,,10329,METROPOLITANA DE SANTIAGO,13,26,9082,4691,4391,9023,4661,4362,59,30,29,MAIPÚ,SANTIAGO,131,13119
10330,,10330,METROPOLITANA DE SANTIAGO,13,27,9216,4713,4503,9156,4686,4470,60,27,33,MAIPÚ,SANTIAGO,131,13119
10331,,10331,METROPOLITANA DE SANTIAGO,13,28,8756,4391,4365,8695,4358,4337,61,33,28,MAIPÚ,SANTIAGO,131,13119
10332,,10332,METROPOLITANA DE SANTIAGO,13,29,8204,4139,4065,8142,4103,4039,62,36,26,MAIPÚ,SANTIAGO,131,13119
10333,,10333,METROPOLITANA DE SANTIAGO,13,30,7815,3920,3895,7762,3890,3872,53,30,23,MAIPÚ,SANTIAGO,131,13119
10334,,10334,METROPOLITANA DE SANTIAGO,13,31,7403,3724,3679,7359,3699,3660,44,25,19,MAIPÚ,SANTIAGO,131,13119
10335,,10335,METROPOLITANA DE SANTIAGO,13,32,7116,3551,3565,7070,3527,3543,46,24,22,MAIPÚ,SANTIAGO,131,13119
10336,,10336,METROPOLITANA DE SANTIAGO,13,33,6911,3445,3466,6863,3420,3443,48,25,23,MAIPÚ,SANTIAGO,131,13119
10337,,10337,METROPOLITANA DE SANTIAGO,13,34,7048,3456,3592,7008,3435,3573,40,21,19,MAIPÚ,SANTIAGO,131,13119
10338,,10338,METROPOLITANA DE SANTIAGO,13,35,7469,3654,3815,7426,3629,3797,43,25,18,MAIPÚ,SANTIAGO,131,13119
10339,,10339,METROPOLITANA DE SANTIAGO,13,36,6820,3293,3527,6782,3271,3511,38,22,16,MAIPÚ,SANTIAGO,131,13119
10340,,10340,METROPOLITANA DE SANTIAGO,13,37,6450,3075,3375,6399,3046,3353,51,29,22,MAIPÚ,SANTIAGO,131,13119
10341,,10341,METROPOLITANA DE SANTIAGO,13,38,6238,2949,3289,6202,2919,3283,36,30,6,MAIPÚ,SANTIAGO,131,13119
10342,,10342,METROPOLITANA DE SANTIAGO,13,39,6106,2978,3128,6067,2961,3106,39,17,22,MAIPÚ,SANTIAGO,131,13119
10343,,10343,METROPOLITANA DE SANTIAGO,13,40,6297,3043,3254,6257,3020,3237,40,23,17,MAIPÚ,SANTIAGO,131,13119
10344,,10344,METROPOLITANA DE SANTIAGO,13,41,6516,3109,3407,6473,3085,3388,43,24,19,MAIPÚ,SANTIAGO,131,13119
10345,,10345,METROPOLITANA DE SANTIAGO,13,42,6827,3215,3612,6785,3189,3596,42,26,16,MAIPÚ,SANTIAGO,131,13119
10346,,10346,METROPOLITANA DE SANTIAGO,13,43,7210,3352,3858,7168,3332,3836,42,20,22,MAIPÚ,SANTIAGO,131,13119
10347,,10347,METROPOLITANA DE SANTIAGO,13,44,7092,3284,3808,7056,3262,3794,36,22,14,MAIPÚ,SANTIAGO,131,13119
10348,,10348,METROPOLITANA DE SANTIAGO,13,45,7063,3201,3862,7032,3183,3849,31,18,13,MAIPÚ,SANTIAGO,131,13119
10349,,10349,METROPOLITANA DE SANTIAGO,13,46,6990,3264,3726,6960,3248,3712,30,16,14,MAIPÚ,SANTIAGO,131,13119
10350,,10350,METROPOLITANA DE SANTIAGO,13,47,6865,3145,3720,6837,3130,3707,28,15,13,MAIPÚ,SANTIAGO,131,13119
10351,,10351,METROPOLITANA DE SANTIAGO,13,48,7198,3307,3891,7161,3289,3872,37,18,19,MAIPÚ,SANTIAGO,131,13119
10352,,10352,METROPOLITANA DE SANTIAGO,13,49,7420,3320,4100,7367,3292,4075,53,28,25,MAIPÚ,SANTIAGO,131,13119
10353,,10353,METROPOLITANA DE SANTIAGO,13,50,7565,3414,4151,7522,3392,4130,43,22,21,MAIPÚ,SANTIAGO,131,13119
10354,,10354,METROPOLITANA DE SANTIAGO,13,51,8007,3512,4495,7958,3491,4467,49,21,28,MAIPÚ,SANTIAGO,131,13119
10355,,10355,METROPOLITANA DE SANTIAGO,13,52,8191,3686,4505,8136,3658,4478,55,28,27,MAIPÚ,SANTIAGO,131,13119
10356,,10356,METROPOLITANA DE SANTIAGO,13,53,8132,3659,4473,8095,3634,4461,37,25,12,MAIPÚ,SANTIAGO,131,13119
10357,,10357,METROPOLITANA DE SANTIAGO,13,54,8495,3841,4654,8438,3807,4631,57,34,23,MAIPÚ,SANTIAGO,131,13119
10358,,10358,METROPOLITANA DE SANTIAGO,13,55,8019,3663,4356,7978,3644,4334,41,19,22,MAIPÚ,SANTIAGO,131,13119
10359,,10359,METROPOLITANA DE SANTIAGO,13,56,7889,3558,4331,7846,3534,4312,43,24,19,MAIPÚ,SANTIAGO,131,13119
10360,,10360,METROPOLITANA DE SANTIAGO,13,57,7127,3272,3855,7088,3247,3841,39,25,14,MAIPÚ,SANTIAGO,131,13119
10361,,10361,METROPOLITANA DE SANTIAGO,13,58,7032,3161,3871,7004,3145,3859,28,16,12,MAIPÚ,SANTIAGO,131,13119
10362,,10362,METROPOLITANA DE SANTIAGO,13,59,6661,3117,3544,6629,3098,3531,32,19,13,MAIPÚ,SANTIAGO,131,13119
10363,,10363,METROPOLITANA DE SANTIAGO,13,60,6252,2872,3380,6218,2856,3362,34,16,18,MAIPÚ,SANTIAGO,131,13119
10364,,10364,METROPOLITANA DE SANTIAGO,13,61,5599,2602,2997,5567,2587,2980,32,15,17,MAIPÚ,SANTIAGO,131,13119
10365,,10365,METROPOLITANA DE SANTIAGO,13,62,5156,2355,2801,5128,2337,2791,28,18,10,MAIPÚ,SANTIAGO,131,13119
10366,,10366,METROPOLITANA DE SANTIAGO,13,63,4869,2198,2671,4834,2178,2656,35,20,15,MAIPÚ,SANTIAGO,131,13119
10367,,10367,METROPOLITANA DE SANTIAGO,13,64,4553,2005,2548,4529,1995,2534,24,10,14,MAIPÚ,SANTIAGO,131,13119
10368,,10368,METROPOLITANA DE SANTIAGO,13,65,4058,1842,2216,4042,1835,2207,16,7,9,MAIPÚ,SANTIAGO,131,13119
10369,,10369,METROPOLITANA DE SANTIAGO,13,66,3822,1725,2097,3796,1708,2088,26,17,9,MAIPÚ,SANTIAGO,131,13119
10370,,10370,METROPOLITANA DE SANTIAGO,13,67,3706,1651,2055,3693,1643,2050,13,8,5,MAIPÚ,SANTIAGO,131,13119
10371,,10371,METROPOLITANA DE SANTIAGO,13,68,3455,1577,1878,3435,1566,1869,20,11,9,MAIPÚ,SANTIAGO,131,13119
10372,,10372,METROPOLITANA DE SANTIAGO,13,69,3291,1447,1844,3282,1444,1838,9,3,6,MAIPÚ,SANTIAGO,131,13119
10373,,10373,METROPOLITANA DE SANTIAGO,13,70,2974,1274,1700,2962,1268,1694,12,6,6,MAIPÚ,SANTIAGO,131,13119
10374,,10374,METROPOLITANA DE SANTIAGO,13,71,2799,1201,1598,2787,1193,1594,12,8,4,MAIPÚ,SANTIAGO,131,13119
10375,,10375,METROPOLITANA DE SANTIAGO,13,72,2608,1196,1412,2601,1193,1408,7,3,4,MAIPÚ,SANTIAGO,131,13119
10376,,10376,METROPOLITANA DE SANTIAGO,13,73,2391,1026,1365,2373,1015,1358,18,11,7,MAIPÚ,SANTIAGO,131,13119
10377,,10377,METROPOLITANA DE SANTIAGO,13,74,2189,912,1277,2178,905,1273,11,7,4,MAIPÚ,SANTIAGO,131,13119
10378,,10378,METROPOLITANA DE SANTIAGO,13,75,2001,810,1191,1991,803,1188,10,7,3,MAIPÚ,SANTIAGO,131,13119
10379,,10379,METROPOLITANA DE SANTIAGO,13,76,1768,728,1040,1756,721,1035,12,7,5,MAIPÚ,SANTIAGO,131,13119
10380,,10380,METROPOLITANA DE SANTIAGO,13,77,1634,687,947,1628,682,946,6,5,1,MAIPÚ,SANTIAGO,131,13119
10381,,10381,METROPOLITANA DE SANTIAGO,13,78,1400,535,865,1395,532,863,5,3,2,MAIPÚ,SANTIAGO,131,13119
10382,,10382,METROPOLITANA DE SANTIAGO,13,79,1264,494,770,1253,491,762,11,3,8,MAIPÚ,SANTIAGO,131,13119
10383,,10383,METROPOLITANA DE SANTIAGO,13,80,1124,424,700,1120,422,698,4,2,2,MAIPÚ,SANTIAGO,131,13119
10384,,10384,METROPOLITANA DE SANTIAGO,13,81,1104,389,715,1097,386,711,7,3,4,MAIPÚ,SANTIAGO,131,13119
10385,,10385,METROPOLITANA DE SANTIAGO,13,82,982,342,640,976,340,636,6,2,4,MAIPÚ,SANTIAGO,131,13119
10386,,10386,METROPOLITANA DE SANTIAGO,13,83,915,324,591,908,322,586,7,2,5,MAIPÚ,SANTIAGO,131,13119
10387,,10387,METROPOLITANA DE SANTIAGO,13,84,837,258,579,829,254,575,8,4,4,MAIPÚ,SANTIAGO,131,13119
10388,,10388,METROPOLITANA DE SANTIAGO,13,85,800,273,527,798,271,527,2,2,0,MAIPÚ,SANTIAGO,131,13119
10389,,10389,METROPOLITANA DE SANTIAGO,13,86,740,195,545,735,191,544,5,4,1,MAIPÚ,SANTIAGO,131,13119
10390,,10390,METROPOLITANA DE SANTIAGO,13,87,622,170,452,619,169,450,3,1,2,MAIPÚ,SANTIAGO,131,13119
10391,,10391,METROPOLITANA DE SANTIAGO,13,88,485,129,356,483,127,356,2,2,0,MAIPÚ,SANTIAGO,131,13119
10392,,10392,METROPOLITANA DE SANTIAGO,13,89,465,123,342,464,122,342,1,1,0,MAIPÚ,SANTIAGO,131,13119
10393,,10393,METROPOLITANA DE SANTIAGO,13,90,352,89,263,351,89,262,1,0,1,MAIPÚ,SANTIAGO,131,13119
10394,,10394,METROPOLITANA DE SANTIAGO,13,91,283,72,211,283,72,211,0,0,0,MAIPÚ,SANTIAGO,131,13119
10395,,10395,METROPOLITANA DE SANTIAGO,13,92,236,50,186,234,50,184,2,0,2,MAIPÚ,SANTIAGO,131,13119
10396,,10396,METROPOLITANA DE SANTIAGO,13,93,146,35,111,145,34,111,1,1,0,MAIPÚ,SANTIAGO,131,13119
10397,,10397,METROPOLITANA DE SANTIAGO,13,94,127,35,92,127,35,92,0,0,0,MAIPÚ,SANTIAGO,131,13119
10398,,10398,METROPOLITANA DE SANTIAGO,13,95,100,17,83,100,17,83,0,0,0,MAIPÚ,SANTIAGO,131,13119
10399,,10399,METROPOLITANA DE SANTIAGO,13,96,84,19,65,82,18,64,2,1,1,MAIPÚ,SANTIAGO,131,13119
10400,,10400,METROPOLITANA DE SANTIAGO,13,97,54,10,44,52,8,44,2,2,0,MAIPÚ,SANTIAGO,131,13119
10401,,10401,METROPOLITANA DE SANTIAGO,13,98,41,7,34,41,7,34,0,0,0,MAIPÚ,SANTIAGO,131,13119
10402,,10402,METROPOLITANA DE SANTIAGO,13,99,23,4,19,22,3,19,1,1,0,MAIPÚ,SANTIAGO,131,13119
10403,,10403,METROPOLITANA DE SANTIAGO,13,100 o más,130,43,87,130,43,87,0,0,0,MAIPÚ,SANTIAGO,131,13119
10404,,10404,METROPOLITANA DE SANTIAGO,13,Total Comuna,208237,95409,112828,208237,95409,112828,0,0,0,ÑUÑOA,SANTIAGO,131,13120
10405,,10405,METROPOLITANA DE SANTIAGO,13,0,2497,1314,1183,2497,1314,1183,0,0,0,ÑUÑOA,SANTIAGO,131,13120
10406,,10406,METROPOLITANA DE SANTIAGO,13,1,2619,1349,1270,2619,1349,1270,0,0,0,ÑUÑOA,SANTIAGO,131,13120
10407,,10407,METROPOLITANA DE SANTIAGO,13,2,2554,1323,1231,2554,1323,1231,0,0,0,ÑUÑOA,SANTIAGO,131,13120
10408,,10408,METROPOLITANA DE SANTIAGO,13,3,2296,1137,1159,2296,1137,1159,0,0,0,ÑUÑOA,SANTIAGO,131,13120
10409,,10409,METROPOLITANA DE SANTIAGO,13,4,2199,1113,1086,2199,1113,1086,0,0,0,ÑUÑOA,SANTIAGO,131,13120
10410,,10410,METROPOLITANA DE SANTIAGO,13,5,2135,1084,1051,2135,1084,1051,0,0,0,ÑUÑOA,SANTIAGO,131,13120
10411,,10411,METROPOLITANA DE SANTIAGO,13,6,2114,1112,1002,2114,1112,1002,0,0,0,ÑUÑOA,SANTIAGO,131,13120
10412,,10412,METROPOLITANA DE SANTIAGO,13,7,1968,995,973,1968,995,973,0,0,0,ÑUÑOA,SANTIAGO,131,13120
10413,,10413,METROPOLITANA DE SANTIAGO,13,8,1935,968,967,1935,968,967,0,0,0,ÑUÑOA,SANTIAGO,131,13120
10414,,10414,METROPOLITANA DE SANTIAGO,13,9,1863,918,945,1863,918,945,0,0,0,ÑUÑOA,SANTIAGO,131,13120
10415,,10415,METROPOLITANA DE SANTIAGO,13,10,1762,908,854,1762,908,854,0,0,0,ÑUÑOA,SANTIAGO,131,13120
10416,,10416,METROPOLITANA DE SANTIAGO,13,11,1759,832,927,1759,832,927,0,0,0,ÑUÑOA,SANTIAGO,131,13120
10417,,10417,METROPOLITANA DE SANTIAGO,13,12,1671,868,803,1671,868,803,0,0,0,ÑUÑOA,SANTIAGO,131,13120
10418,,10418,METROPOLITANA DE SANTIAGO,13,13,1800,915,885,1800,915,885,0,0,0,ÑUÑOA,SANTIAGO,131,13120
10419,,10419,METROPOLITANA DE SANTIAGO,13,14,1828,941,887,1828,941,887,0,0,0,ÑUÑOA,SANTIAGO,131,13120
10420,,10420,METROPOLITANA DE SANTIAGO,13,15,1844,929,915,1844,929,915,0,0,0,ÑUÑOA,SANTIAGO,131,13120
10421,,10421,METROPOLITANA DE SANTIAGO,13,16,1948,971,977,1948,971,977,0,0,0,ÑUÑOA,SANTIAGO,131,13120
10422,,10422,METROPOLITANA DE SANTIAGO,13,17,1941,952,989,1941,952,989,0,0,0,ÑUÑOA,SANTIAGO,131,13120
10423,,10423,METROPOLITANA DE SANTIAGO,13,18,2331,1138,1193,2331,1138,1193,0,0,0,ÑUÑOA,SANTIAGO,131,13120
10424,,10424,METROPOLITANA DE SANTIAGO,13,19,2482,1255,1227,2482,1255,1227,0,0,0,ÑUÑOA,SANTIAGO,131,13120
10425,,10425,METROPOLITANA DE SANTIAGO,13,20,2590,1317,1273,2590,1317,1273,0,0,0,ÑUÑOA,SANTIAGO,131,13120
10426,,10426,METROPOLITANA DE SANTIAGO,13,21,2669,1356,1313,2669,1356,1313,0,0,0,ÑUÑOA,SANTIAGO,131,13120
10427,,10427,METROPOLITANA DE SANTIAGO,13,22,2764,1372,1392,2764,1372,1392,0,0,0,ÑUÑOA,SANTIAGO,131,13120
10428,,10428,METROPOLITANA DE SANTIAGO,13,23,2681,1327,1354,2681,1327,1354,0,0,0,ÑUÑOA,SANTIAGO,131,13120
10429,,10429,METROPOLITANA DE SANTIAGO,13,24,3025,1464,1561,3025,1464,1561,0,0,0,ÑUÑOA,SANTIAGO,131,13120
10430,,10430,METROPOLITANA DE SANTIAGO,13,25,3153,1534,1619,3153,1534,1619,0,0,0,ÑUÑOA,SANTIAGO,131,13120
10431,,10431,METROPOLITANA DE SANTIAGO,13,26,3463,1657,1806,3463,1657,1806,0,0,0,ÑUÑOA,SANTIAGO,131,13120
10432,,10432,METROPOLITANA DE SANTIAGO,13,27,3731,1769,1962,3731,1769,1962,0,0,0,ÑUÑOA,SANTIAGO,131,13120
10433,,10433,METROPOLITANA DE SANTIAGO,13,28,4129,1984,2145,4129,1984,2145,0,0,0,ÑUÑOA,SANTIAGO,131,13120
10434,,10434,METROPOLITANA DE SANTIAGO,13,29,4180,2000,2180,4180,2000,2180,0,0,0,ÑUÑOA,SANTIAGO,131,13120
10435,,10435,METROPOLITANA DE SANTIAGO,13,30,4338,2077,2261,4338,2077,2261,0,0,0,ÑUÑOA,SANTIAGO,131,13120
10436,,10436,METROPOLITANA DE SANTIAGO,13,31,4288,2067,2221,4288,2067,2221,0,0,0,ÑUÑOA,SANTIAGO,131,13120
10437,,10437,METROPOLITANA DE SANTIAGO,13,32,4492,2150,2342,4492,2150,2342,0,0,0,ÑUÑOA,SANTIAGO,131,13120
10438,,10438,METROPOLITANA DE SANTIAGO,13,33,4394,2118,2276,4394,2118,2276,0,0,0,ÑUÑOA,SANTIAGO,131,13120
10439,,10439,METROPOLITANA DE SANTIAGO,13,34,4423,2145,2278,4423,2145,2278,0,0,0,ÑUÑOA,SANTIAGO,131,13120
10440,,10440,METROPOLITANA DE SANTIAGO,13,35,4465,2160,2305,4465,2160,2305,0,0,0,ÑUÑOA,SANTIAGO,131,13120
10441,,10441,METROPOLITANA DE SANTIAGO,13,36,4144,2006,2138,4144,2006,2138,0,0,0,ÑUÑOA,SANTIAGO,131,13120
10442,,10442,METROPOLITANA DE SANTIAGO,13,37,4018,1973,2045,4018,1973,2045,0,0,0,ÑUÑOA,SANTIAGO,131,13120
10443,,10443,METROPOLITANA DE SANTIAGO,13,38,3538,1737,1801,3538,1737,1801,0,0,0,ÑUÑOA,SANTIAGO,131,13120
10444,,10444,METROPOLITANA DE SANTIAGO,13,39,3299,1589,1710,3299,1589,1710,0,0,0,ÑUÑOA,SANTIAGO,131,13120
10445,,10445,METROPOLITANA DE SANTIAGO,13,40,3348,1612,1736,3348,1612,1736,0,0,0,ÑUÑOA,SANTIAGO,131,13120
10446,,10446,METROPOLITANA DE SANTIAGO,13,41,3176,1579,1597,3176,1579,1597,0,0,0,ÑUÑOA,SANTIAGO,131,13120
10447,,10447,METROPOLITANA DE SANTIAGO,13,42,3086,1448,1638,3086,1448,1638,0,0,0,ÑUÑOA,SANTIAGO,131,13120
10448,,10448,METROPOLITANA DE SANTIAGO,13,43,3014,1394,1620,3014,1394,1620,0,0,0,ÑUÑOA,SANTIAGO,131,13120
10449,,10449,METROPOLITANA DE SANTIAGO,13,44,2817,1321,1496,2817,1321,1496,0,0,0,ÑUÑOA,SANTIAGO,131,13120
10450,,10450,METROPOLITANA DE SANTIAGO,13,45,2755,1276,1479,2755,1276,1479,0,0,0,ÑUÑOA,SANTIAGO,131,13120
10451,,10451,METROPOLITANA DE SANTIAGO,13,46,2593,1200,1393,2593,1200,1393,0,0,0,ÑUÑOA,SANTIAGO,131,13120
10452,,10452,METROPOLITANA DE SANTIAGO,13,47,2380,1077,1303,2380,1077,1303,0,0,0,ÑUÑOA,SANTIAGO,131,13120
10453,,10453,METROPOLITANA DE SANTIAGO,13,48,2354,1103,1251,2354,1103,1251,0,0,0,ÑUÑOA,SANTIAGO,131,13120
10454,,10454,METROPOLITANA DE SANTIAGO,13,49,2268,1040,1228,2268,1040,1228,0,0,0,ÑUÑOA,SANTIAGO,131,13120
10455,,10455,METROPOLITANA DE SANTIAGO,13,50,2372,1099,1273,2372,1099,1273,0,0,0,ÑUÑOA,SANTIAGO,131,13120
10456,,10456,METROPOLITANA DE SANTIAGO,13,51,2369,1098,1271,2369,1098,1271,0,0,0,ÑUÑOA,SANTIAGO,131,13120
10457,,10457,METROPOLITANA DE SANTIAGO,13,52,2454,1086,1368,2454,1086,1368,0,0,0,ÑUÑOA,SANTIAGO,131,13120
10458,,10458,METROPOLITANA DE SANTIAGO,13,53,2448,1058,1390,2448,1058,1390,0,0,0,ÑUÑOA,SANTIAGO,131,13120
10459,,10459,METROPOLITANA DE SANTIAGO,13,54,2573,1086,1487,2573,1086,1487,0,0,0,ÑUÑOA,SANTIAGO,131,13120
10460,,10460,METROPOLITANA DE SANTIAGO,13,55,2534,1118,1416,2534,1118,1416,0,0,0,ÑUÑOA,SANTIAGO,131,13120
10461,,10461,METROPOLITANA DE SANTIAGO,13,56,2492,1088,1404,2492,1088,1404,0,0,0,ÑUÑOA,SANTIAGO,131,13120
10462,,10462,METROPOLITANA DE SANTIAGO,13,57,2369,1031,1338,2369,1031,1338,0,0,0,ÑUÑOA,SANTIAGO,131,13120
10463,,10463,METROPOLITANA DE SANTIAGO,13,58,2347,985,1362,2347,985,1362,0,0,0,ÑUÑOA,SANTIAGO,131,13120
10464,,10464,METROPOLITANA DE SANTIAGO,13,59,2387,1006,1381,2387,1006,1381,0,0,0,ÑUÑOA,SANTIAGO,131,13120
10465,,10465,METROPOLITANA DE SANTIAGO,13,60,2316,944,1372,2316,944,1372,0,0,0,ÑUÑOA,SANTIAGO,131,13120
10466,,10466,METROPOLITANA DE SANTIAGO,13,61,2236,918,1318,2236,918,1318,0,0,0,ÑUÑOA,SANTIAGO,131,13120
10467,,10467,METROPOLITANA DE SANTIAGO,13,62,2019,795,1224,2019,795,1224,0,0,0,ÑUÑOA,SANTIAGO,131,13120
10468,,10468,METROPOLITANA DE SANTIAGO,13,63,1934,763,1171,1934,763,1171,0,0,0,ÑUÑOA,SANTIAGO,131,13120
10469,,10469,METROPOLITANA DE SANTIAGO,13,64,1857,740,1117,1857,740,1117,0,0,0,ÑUÑOA,SANTIAGO,131,13120
10470,,10470,METROPOLITANA DE SANTIAGO,13,65,1747,703,1044,1747,703,1044,0,0,0,ÑUÑOA,SANTIAGO,131,13120
10471,,10471,METROPOLITANA DE SANTIAGO,13,66,1723,686,1037,1723,686,1037,0,0,0,ÑUÑOA,SANTIAGO,131,13120
10472,,10472,METROPOLITANA DE SANTIAGO,13,67,1633,616,1017,1633,616,1017,0,0,0,ÑUÑOA,SANTIAGO,131,13120
10473,,10473,METROPOLITANA DE SANTIAGO,13,68,1591,651,940,1591,651,940,0,0,0,ÑUÑOA,SANTIAGO,131,13120
10474,,10474,METROPOLITANA DE SANTIAGO,13,69,1575,602,973,1575,602,973,0,0,0,ÑUÑOA,SANTIAGO,131,13120
10475,,10475,METROPOLITANA DE SANTIAGO,13,70,1545,581,964,1545,581,964,0,0,0,ÑUÑOA,SANTIAGO,131,13120
10476,,10476,METROPOLITANA DE SANTIAGO,13,71,1411,534,877,1411,534,877,0,0,0,ÑUÑOA,SANTIAGO,131,13120
10477,,10477,METROPOLITANA DE SANTIAGO,13,72,1385,522,863,1385,522,863,0,0,0,ÑUÑOA,SANTIAGO,131,13120
10478,,10478,METROPOLITANA DE SANTIAGO,13,73,1315,489,826,1315,489,826,0,0,0,ÑUÑOA,SANTIAGO,131,13120
10479,,10479,METROPOLITANA DE SANTIAGO,13,74,1264,460,804,1264,460,804,0,0,0,ÑUÑOA,SANTIAGO,131,13120
10480,,10480,METROPOLITANA DE SANTIAGO,13,75,1197,470,727,1197,470,727,0,0,0,ÑUÑOA,SANTIAGO,131,13120
10481,,10481,METROPOLITANA DE SANTIAGO,13,76,1127,415,712,1127,415,712,0,0,0,ÑUÑOA,SANTIAGO,131,13120
10482,,10482,METROPOLITANA DE SANTIAGO,13,77,1091,379,712,1091,379,712,0,0,0,ÑUÑOA,SANTIAGO,131,13120
10483,,10483,METROPOLITANA DE SANTIAGO,13,78,935,337,598,935,337,598,0,0,0,ÑUÑOA,SANTIAGO,131,13120
10484,,10484,METROPOLITANA DE SANTIAGO,13,79,933,319,614,933,319,614,0,0,0,ÑUÑOA,SANTIAGO,131,13120
10485,,10485,METROPOLITANA DE SANTIAGO,13,80,939,318,621,939,318,621,0,0,0,ÑUÑOA,SANTIAGO,131,13120
10486,,10486,METROPOLITANA DE SANTIAGO,13,81,899,288,611,899,288,611,0,0,0,ÑUÑOA,SANTIAGO,131,13120
10487,,10487,METROPOLITANA DE SANTIAGO,13,82,837,263,574,837,263,574,0,0,0,ÑUÑOA,SANTIAGO,131,13120
10488,,10488,METROPOLITANA DE SANTIAGO,13,83,808,256,552,808,256,552,0,0,0,ÑUÑOA,SANTIAGO,131,13120
10489,,10489,METROPOLITANA DE SANTIAGO,13,84,818,259,559,818,259,559,0,0,0,ÑUÑOA,SANTIAGO,131,13120
10490,,10490,METROPOLITANA DE SANTIAGO,13,85,794,259,535,794,259,535,0,0,0,ÑUÑOA,SANTIAGO,131,13120
10491,,10491,METROPOLITANA DE SANTIAGO,13,86,776,235,541,776,235,541,0,0,0,ÑUÑOA,SANTIAGO,131,13120
10492,,10492,METROPOLITANA DE SANTIAGO,13,87,666,210,456,666,210,456,0,0,0,ÑUÑOA,SANTIAGO,131,13120
10493,,10493,METROPOLITANA DE SANTIAGO,13,88,625,163,462,625,163,462,0,0,0,ÑUÑOA,SANTIAGO,131,13120
10494,,10494,METROPOLITANA DE SANTIAGO,13,89,595,162,433,595,162,433,0,0,0,ÑUÑOA,SANTIAGO,131,13120
10495,,10495,METROPOLITANA DE SANTIAGO,13,90,482,149,333,482,149,333,0,0,0,ÑUÑOA,SANTIAGO,131,13120
10496,,10496,METROPOLITANA DE SANTIAGO,13,91,373,95,278,373,95,278,0,0,0,ÑUÑOA,SANTIAGO,131,13120
10497,,10497,METROPOLITANA DE SANTIAGO,13,92,279,62,217,279,62,217,0,0,0,ÑUÑOA,SANTIAGO,131,13120
10498,,10498,METROPOLITANA DE SANTIAGO,13,93,247,62,185,247,62,185,0,0,0,ÑUÑOA,SANTIAGO,131,13120
10499,,10499,METROPOLITANA DE SANTIAGO,13,94,221,65,156,221,65,156,0,0,0,ÑUÑOA,SANTIAGO,131,13120
10500,,10500,METROPOLITANA DE SANTIAGO,13,95,165,41,124,165,41,124,0,0,0,ÑUÑOA,SANTIAGO,131,13120
10501,,10501,METROPOLITANA DE SANTIAGO,13,96,143,15,128,143,15,128,0,0,0,ÑUÑOA,SANTIAGO,131,13120
10502,,10502,METROPOLITANA DE SANTIAGO,13,97,65,17,48,65,17,48,0,0,0,ÑUÑOA,SANTIAGO,131,13120
10503,,10503,METROPOLITANA DE SANTIAGO,13,98,55,10,45,55,10,45,0,0,0,ÑUÑOA,SANTIAGO,131,13120
10504,,10504,METROPOLITANA DE SANTIAGO,13,99,47,6,41,47,6,41,0,0,0,ÑUÑOA,SANTIAGO,131,13120
10505,,10505,METROPOLITANA DE SANTIAGO,13,100 o más,103,21,82,103,21,82,0,0,0,ÑUÑOA,SANTIAGO,131,13120
10506,,10506,METROPOLITANA DE SANTIAGO,13,Total Comuna,101174,49513,51661,101174,49513,51661,0,0,0,PEDRO AGUIRRE CERDA,SANTIAGO,131,13121
10507,,10507,METROPOLITANA DE SANTIAGO,13,0,1077,542,535,1077,542,535,0,0,0,PEDRO AGUIRRE CERDA,SANTIAGO,131,13121
10508,,10508,METROPOLITANA DE SANTIAGO,13,1,1199,616,583,1199,616,583,0,0,0,PEDRO AGUIRRE CERDA,SANTIAGO,131,13121
10509,,10509,METROPOLITANA DE SANTIAGO,13,2,1259,669,590,1259,669,590,0,0,0,PEDRO AGUIRRE CERDA,SANTIAGO,131,13121
10510,,10510,METROPOLITANA DE SANTIAGO,13,3,1193,616,577,1193,616,577,0,0,0,PEDRO AGUIRRE CERDA,SANTIAGO,131,13121
10511,,10511,METROPOLITANA DE SANTIAGO,13,4,1306,661,645,1306,661,645,0,0,0,PEDRO AGUIRRE CERDA,SANTIAGO,131,13121
10512,,10512,METROPOLITANA DE SANTIAGO,13,5,1273,627,646,1273,627,646,0,0,0,PEDRO AGUIRRE CERDA,SANTIAGO,131,13121
10513,,10513,METROPOLITANA DE SANTIAGO,13,6,1346,715,631,1346,715,631,0,0,0,PEDRO AGUIRRE CERDA,SANTIAGO,131,13121
10514,,10514,METROPOLITANA DE SANTIAGO,13,7,1262,642,620,1262,642,620,0,0,0,PEDRO AGUIRRE CERDA,SANTIAGO,131,13121
10515,,10515,METROPOLITANA DE SANTIAGO,13,8,1232,647,585,1232,647,585,0,0,0,PEDRO AGUIRRE CERDA,SANTIAGO,131,13121
10516,,10516,METROPOLITANA DE SANTIAGO,13,9,1176,617,559,1176,617,559,0,0,0,PEDRO AGUIRRE CERDA,SANTIAGO,131,13121
10517,,10517,METROPOLITANA DE SANTIAGO,13,10,1177,594,583,1177,594,583,0,0,0,PEDRO AGUIRRE CERDA,SANTIAGO,131,13121
10518,,10518,METROPOLITANA DE SANTIAGO,13,11,1102,556,546,1102,556,546,0,0,0,PEDRO AGUIRRE CERDA,SANTIAGO,131,13121
10519,,10519,METROPOLITANA DE SANTIAGO,13,12,1135,594,541,1135,594,541,0,0,0,PEDRO AGUIRRE CERDA,SANTIAGO,131,13121
10520,,10520,METROPOLITANA DE SANTIAGO,13,13,1074,560,514,1074,560,514,0,0,0,PEDRO AGUIRRE CERDA,SANTIAGO,131,13121
10521,,10521,METROPOLITANA DE SANTIAGO,13,14,1245,668,577,1245,668,577,0,0,0,PEDRO AGUIRRE CERDA,SANTIAGO,131,13121
10522,,10522,METROPOLITANA DE SANTIAGO,13,15,1264,646,618,1264,646,618,0,0,0,PEDRO AGUIRRE CERDA,SANTIAGO,131,13121
10523,,10523,METROPOLITANA DE SANTIAGO,13,16,1243,654,589,1243,654,589,0,0,0,PEDRO AGUIRRE CERDA,SANTIAGO,131,13121
10524,,10524,METROPOLITANA DE SANTIAGO,13,17,1288,646,642,1288,646,642,0,0,0,PEDRO AGUIRRE CERDA,SANTIAGO,131,13121
10525,,10525,METROPOLITANA DE SANTIAGO,13,18,1375,671,704,1375,671,704,0,0,0,PEDRO AGUIRRE CERDA,SANTIAGO,131,13121
10526,,10526,METROPOLITANA DE SANTIAGO,13,19,1371,680,691,1371,680,691,0,0,0,PEDRO AGUIRRE CERDA,SANTIAGO,131,13121
10527,,10527,METROPOLITANA DE SANTIAGO,13,20,1483,754,729,1483,754,729,0,0,0,PEDRO AGUIRRE CERDA,SANTIAGO,131,13121
10528,,10528,METROPOLITANA DE SANTIAGO,13,21,1562,825,737,1562,825,737,0,0,0,PEDRO AGUIRRE CERDA,SANTIAGO,131,13121
10529,,10529,METROPOLITANA DE SANTIAGO,13,22,1739,876,863,1739,876,863,0,0,0,PEDRO AGUIRRE CERDA,SANTIAGO,131,13121
10530,,10530,METROPOLITANA DE SANTIAGO,13,23,1627,852,775,1627,852,775,0,0,0,PEDRO AGUIRRE CERDA,SANTIAGO,131,13121
10531,,10531,METROPOLITANA DE SANTIAGO,13,24,1804,934,870,1804,934,870,0,0,0,PEDRO AGUIRRE CERDA,SANTIAGO,131,13121
10532,,10532,METROPOLITANA DE SANTIAGO,13,25,1768,880,888,1768,880,888,0,0,0,PEDRO AGUIRRE CERDA,SANTIAGO,131,13121
10533,,10533,METROPOLITANA DE SANTIAGO,13,26,1779,948,831,1779,948,831,0,0,0,PEDRO AGUIRRE CERDA,SANTIAGO,131,13121
10534,,10534,METROPOLITANA DE SANTIAGO,13,27,1840,955,885,1840,955,885,0,0,0,PEDRO AGUIRRE CERDA,SANTIAGO,131,13121
10535,,10535,METROPOLITANA DE SANTIAGO,13,28,1667,865,802,1667,865,802,0,0,0,PEDRO AGUIRRE CERDA,SANTIAGO,131,13121
10536,,10536,METROPOLITANA DE SANTIAGO,13,29,1566,843,723,1566,843,723,0,0,0,PEDRO AGUIRRE CERDA,SANTIAGO,131,13121
10537,,10537,METROPOLITANA DE SANTIAGO,13,30,1478,764,714,1478,764,714,0,0,0,PEDRO AGUIRRE CERDA,SANTIAGO,131,13121
10538,,10538,METROPOLITANA DE SANTIAGO,13,31,1407,730,677,1407,730,677,0,0,0,PEDRO AGUIRRE CERDA,SANTIAGO,131,13121
10539,,10539,METROPOLITANA DE SANTIAGO,13,32,1421,739,682,1421,739,682,0,0,0,PEDRO AGUIRRE CERDA,SANTIAGO,131,13121
10540,,10540,METROPOLITANA DE SANTIAGO,13,33,1322,715,607,1322,715,607,0,0,0,PEDRO AGUIRRE CERDA,SANTIAGO,131,13121
10541,,10541,METROPOLITANA DE SANTIAGO,13,34,1370,694,676,1370,694,676,0,0,0,PEDRO AGUIRRE CERDA,SANTIAGO,131,13121
10542,,10542,METROPOLITANA DE SANTIAGO,13,35,1391,725,666,1391,725,666,0,0,0,PEDRO AGUIRRE CERDA,SANTIAGO,131,13121
10543,,10543,METROPOLITANA DE SANTIAGO,13,36,1238,645,593,1238,645,593,0,0,0,PEDRO AGUIRRE CERDA,SANTIAGO,131,13121
10544,,10544,METROPOLITANA DE SANTIAGO,13,37,1220,609,611,1220,609,611,0,0,0,PEDRO AGUIRRE CERDA,SANTIAGO,131,13121
10545,,10545,METROPOLITANA DE SANTIAGO,13,38,1116,583,533,1116,583,533,0,0,0,PEDRO AGUIRRE CERDA,SANTIAGO,131,13121
10546,,10546,METROPOLITANA DE SANTIAGO,13,39,1055,532,523,1055,532,523,0,0,0,PEDRO AGUIRRE CERDA,SANTIAGO,131,13121
10547,,10547,METROPOLITANA DE SANTIAGO,13,40,1072,540,532,1072,540,532,0,0,0,PEDRO AGUIRRE CERDA,SANTIAGO,131,13121
10548,,10548,METROPOLITANA DE SANTIAGO,13,41,1073,532,541,1073,532,541,0,0,0,PEDRO AGUIRRE CERDA,SANTIAGO,131,13121
10549,,10549,METROPOLITANA DE SANTIAGO,13,42,1131,578,553,1131,578,553,0,0,0,PEDRO AGUIRRE CERDA,SANTIAGO,131,13121
10550,,10550,METROPOLITANA DE SANTIAGO,13,43,1232,604,628,1232,604,628,0,0,0,PEDRO AGUIRRE CERDA,SANTIAGO,131,13121
10551,,10551,METROPOLITANA DE SANTIAGO,13,44,1150,604,546,1150,604,546,0,0,0,PEDRO AGUIRRE CERDA,SANTIAGO,131,13121
10552,,10552,METROPOLITANA DE SANTIAGO,13,45,1130,568,562,1130,568,562,0,0,0,PEDRO AGUIRRE CERDA,SANTIAGO,131,13121
10553,,10553,METROPOLITANA DE SANTIAGO,13,46,1135,571,564,1135,571,564,0,0,0,PEDRO AGUIRRE CERDA,SANTIAGO,131,13121
10554,,10554,METROPOLITANA DE SANTIAGO,13,47,1160,554,606,1160,554,606,0,0,0,PEDRO AGUIRRE CERDA,SANTIAGO,131,13121
10555,,10555,METROPOLITANA DE SANTIAGO,13,48,1140,552,588,1140,552,588,0,0,0,PEDRO AGUIRRE CERDA,SANTIAGO,131,13121
10556,,10556,METROPOLITANA DE SANTIAGO,13,49,1259,609,650,1259,609,650,0,0,0,PEDRO AGUIRRE CERDA,SANTIAGO,131,13121
10557,,10557,METROPOLITANA DE SANTIAGO,13,50,1354,692,662,1354,692,662,0,0,0,PEDRO AGUIRRE CERDA,SANTIAGO,131,13121
10558,,10558,METROPOLITANA DE SANTIAGO,13,51,1398,661,737,1398,661,737,0,0,0,PEDRO AGUIRRE CERDA,SANTIAGO,131,13121
10559,,10559,METROPOLITANA DE SANTIAGO,13,52,1458,693,765,1458,693,765,0,0,0,PEDRO AGUIRRE CERDA,SANTIAGO,131,13121
10560,,10560,METROPOLITANA DE SANTIAGO,13,53,1544,751,793,1544,751,793,0,0,0,PEDRO AGUIRRE CERDA,SANTIAGO,131,13121
10561,,10561,METROPOLITANA DE SANTIAGO,13,54,1590,768,822,1590,768,822,0,0,0,PEDRO AGUIRRE CERDA,SANTIAGO,131,13121
10562,,10562,METROPOLITANA DE SANTIAGO,13,55,1543,772,771,1543,772,771,0,0,0,PEDRO AGUIRRE CERDA,SANTIAGO,131,13121
10563,,10563,METROPOLITANA DE SANTIAGO,13,56,1516,708,808,1516,708,808,0,0,0,PEDRO AGUIRRE CERDA,SANTIAGO,131,13121
10564,,10564,METROPOLITANA DE SANTIAGO,13,57,1500,720,780,1500,720,780,0,0,0,PEDRO AGUIRRE CERDA,SANTIAGO,131,13121
10565,,10565,METROPOLITANA DE SANTIAGO,13,58,1527,717,810,1527,717,810,0,0,0,PEDRO AGUIRRE CERDA,SANTIAGO,131,13121
10566,,10566,METROPOLITANA DE SANTIAGO,13,59,1408,653,755,1408,653,755,0,0,0,PEDRO AGUIRRE CERDA,SANTIAGO,131,13121
10567,,10567,METROPOLITANA DE SANTIAGO,13,60,1433,705,728,1433,705,728,0,0,0,PEDRO AGUIRRE CERDA,SANTIAGO,131,13121
10568,,10568,METROPOLITANA DE SANTIAGO,13,61,1241,583,658,1241,583,658,0,0,0,PEDRO AGUIRRE CERDA,SANTIAGO,131,13121
10569,,10569,METROPOLITANA DE SANTIAGO,13,62,1135,534,601,1135,534,601,0,0,0,PEDRO AGUIRRE CERDA,SANTIAGO,131,13121
10570,,10570,METROPOLITANA DE SANTIAGO,13,63,1152,547,605,1152,547,605,0,0,0,PEDRO AGUIRRE CERDA,SANTIAGO,131,13121
10571,,10571,METROPOLITANA DE SANTIAGO,13,64,1063,506,557,1063,506,557,0,0,0,PEDRO AGUIRRE CERDA,SANTIAGO,131,13121
10572,,10572,METROPOLITANA DE SANTIAGO,13,65,985,454,531,985,454,531,0,0,0,PEDRO AGUIRRE CERDA,SANTIAGO,131,13121
10573,,10573,METROPOLITANA DE SANTIAGO,13,66,888,410,478,888,410,478,0,0,0,PEDRO AGUIRRE CERDA,SANTIAGO,131,13121
10574,,10574,METROPOLITANA DE SANTIAGO,13,67,895,387,508,895,387,508,0,0,0,PEDRO AGUIRRE CERDA,SANTIAGO,131,13121
10575,,10575,METROPOLITANA DE SANTIAGO,13,68,800,328,472,800,328,472,0,0,0,PEDRO AGUIRRE CERDA,SANTIAGO,131,13121
10576,,10576,METROPOLITANA DE SANTIAGO,13,69,772,336,436,772,336,436,0,0,0,PEDRO AGUIRRE CERDA,SANTIAGO,131,13121
10577,,10577,METROPOLITANA DE SANTIAGO,13,70,727,325,402,727,325,402,0,0,0,PEDRO AGUIRRE CERDA,SANTIAGO,131,13121
10578,,10578,METROPOLITANA DE SANTIAGO,13,71,695,299,396,695,299,396,0,0,0,PEDRO AGUIRRE CERDA,SANTIAGO,131,13121
10579,,10579,METROPOLITANA DE SANTIAGO,13,72,612,275,337,612,275,337,0,0,0,PEDRO AGUIRRE CERDA,SANTIAGO,131,13121
10580,,10580,METROPOLITANA DE SANTIAGO,13,73,607,250,357,607,250,357,0,0,0,PEDRO AGUIRRE CERDA,SANTIAGO,131,13121
10581,,10581,METROPOLITANA DE SANTIAGO,13,74,578,235,343,578,235,343,0,0,0,PEDRO AGUIRRE CERDA,SANTIAGO,131,13121
10582,,10582,METROPOLITANA DE SANTIAGO,13,75,555,227,328,555,227,328,0,0,0,PEDRO AGUIRRE CERDA,SANTIAGO,131,13121
10583,,10583,METROPOLITANA DE SANTIAGO,13,76,542,239,303,542,239,303,0,0,0,PEDRO AGUIRRE CERDA,SANTIAGO,131,13121
10584,,10584,METROPOLITANA DE SANTIAGO,13,77,467,171,296,467,171,296,0,0,0,PEDRO AGUIRRE CERDA,SANTIAGO,131,13121
10585,,10585,METROPOLITANA DE SANTIAGO,13,78,447,171,276,447,171,276,0,0,0,PEDRO AGUIRRE CERDA,SANTIAGO,131,13121
10586,,10586,METROPOLITANA DE SANTIAGO,13,79,434,170,264,434,170,264,0,0,0,PEDRO AGUIRRE CERDA,SANTIAGO,131,13121
10587,,10587,METROPOLITANA DE SANTIAGO,13,80,432,148,284,432,148,284,0,0,0,PEDRO AGUIRRE CERDA,SANTIAGO,131,13121
10588,,10588,METROPOLITANA DE SANTIAGO,13,81,404,146,258,404,146,258,0,0,0,PEDRO AGUIRRE CERDA,SANTIAGO,131,13121
10589,,10589,METROPOLITANA DE SANTIAGO,13,82,413,147,266,413,147,266,0,0,0,PEDRO AGUIRRE CERDA,SANTIAGO,131,13121
10590,,10590,METROPOLITANA DE SANTIAGO,13,83,365,104,261,365,104,261,0,0,0,PEDRO AGUIRRE CERDA,SANTIAGO,131,13121
10591,,10591,METROPOLITANA DE SANTIAGO,13,84,410,133,277,410,133,277,0,0,0,PEDRO AGUIRRE CERDA,SANTIAGO,131,13121
10592,,10592,METROPOLITANA DE SANTIAGO,13,85,364,121,243,364,121,243,0,0,0,PEDRO AGUIRRE CERDA,SANTIAGO,131,13121
10593,,10593,METROPOLITANA DE SANTIAGO,13,86,377,132,245,377,132,245,0,0,0,PEDRO AGUIRRE CERDA,SANTIAGO,131,13121
10594,,10594,METROPOLITANA DE SANTIAGO,13,87,318,109,209,318,109,209,0,0,0,PEDRO AGUIRRE CERDA,SANTIAGO,131,13121
10595,,10595,METROPOLITANA DE SANTIAGO,13,88,259,70,189,259,70,189,0,0,0,PEDRO AGUIRRE CERDA,SANTIAGO,131,13121
10596,,10596,METROPOLITANA DE SANTIAGO,13,89,229,82,147,229,82,147,0,0,0,PEDRO AGUIRRE CERDA,SANTIAGO,131,13121
10597,,10597,METROPOLITANA DE SANTIAGO,13,90,206,60,146,206,60,146,0,0,0,PEDRO AGUIRRE CERDA,SANTIAGO,131,13121
10598,,10598,METROPOLITANA DE SANTIAGO,13,91,141,37,104,141,37,104,0,0,0,PEDRO AGUIRRE CERDA,SANTIAGO,131,13121
10599,,10599,METROPOLITANA DE SANTIAGO,13,92,116,38,78,116,38,78,0,0,0,PEDRO AGUIRRE CERDA,SANTIAGO,131,13121
10600,,10600,METROPOLITANA DE SANTIAGO,13,93,97,29,68,97,29,68,0,0,0,PEDRO AGUIRRE CERDA,SANTIAGO,131,13121
10601,,10601,METROPOLITANA DE SANTIAGO,13,94,65,21,44,65,21,44,0,0,0,PEDRO AGUIRRE CERDA,SANTIAGO,131,13121
10602,,10602,METROPOLITANA DE SANTIAGO,13,95,48,13,35,48,13,35,0,0,0,PEDRO AGUIRRE CERDA,SANTIAGO,131,13121
10603,,10603,METROPOLITANA DE SANTIAGO,13,96,43,9,34,43,9,34,0,0,0,PEDRO AGUIRRE CERDA,SANTIAGO,131,13121
10604,,10604,METROPOLITANA DE SANTIAGO,13,97,24,6,18,24,6,18,0,0,0,PEDRO AGUIRRE CERDA,SANTIAGO,131,13121
10605,,10605,METROPOLITANA DE SANTIAGO,13,98,15,6,9,15,6,9,0,0,0,PEDRO AGUIRRE CERDA,SANTIAGO,131,13121
10606,,10606,METROPOLITANA DE SANTIAGO,13,99,21,6,15,21,6,15,0,0,0,PEDRO AGUIRRE CERDA,SANTIAGO,131,13121
10607,,10607,METROPOLITANA DE SANTIAGO,13,100 o más,29,8,21,29,8,21,0,0,0,PEDRO AGUIRRE CERDA,SANTIAGO,131,13121
10608,,10608,METROPOLITANA DE SANTIAGO,13,Total Comuna,241599,116882,124717,241599,116882,124717,0,0,0,PEÑALOLÉN,SANTIAGO,131,13122
10609,,10609,METROPOLITANA DE SANTIAGO,13,0,2686,1334,1352,2686,1334,1352,0,0,0,PEÑALOLÉN,SANTIAGO,131,13122
10610,,10610,METROPOLITANA DE SANTIAGO,13,1,3098,1526,1572,3098,1526,1572,0,0,0,PEÑALOLÉN,SANTIAGO,131,13122
10611,,10611,METROPOLITANA DE SANTIAGO,13,2,3176,1606,1570,3176,1606,1570,0,0,0,PEÑALOLÉN,SANTIAGO,131,13122
10612,,10612,METROPOLITANA DE SANTIAGO,13,3,3102,1575,1527,3102,1575,1527,0,0,0,PEÑALOLÉN,SANTIAGO,131,13122
10613,,10613,METROPOLITANA DE SANTIAGO,13,4,3208,1606,1602,3208,1606,1602,0,0,0,PEÑALOLÉN,SANTIAGO,131,13122
10614,,10614,METROPOLITANA DE SANTIAGO,13,5,3350,1740,1610,3350,1740,1610,0,0,0,PEÑALOLÉN,SANTIAGO,131,13122
10615,,10615,METROPOLITANA DE SANTIAGO,13,6,3449,1758,1691,3449,1758,1691,0,0,0,PEÑALOLÉN,SANTIAGO,131,13122
10616,,10616,METROPOLITANA DE SANTIAGO,13,7,3481,1788,1693,3481,1788,1693,0,0,0,PEÑALOLÉN,SANTIAGO,131,13122
10617,,10617,METROPOLITANA DE SANTIAGO,13,8,3557,1782,1775,3557,1782,1775,0,0,0,PEÑALOLÉN,SANTIAGO,131,13122
10618,,10618,METROPOLITANA DE SANTIAGO,13,9,3368,1698,1670,3368,1698,1670,0,0,0,PEÑALOLÉN,SANTIAGO,131,13122
10619,,10619,METROPOLITANA DE SANTIAGO,13,10,3253,1633,1620,3253,1633,1620,0,0,0,PEÑALOLÉN,SANTIAGO,131,13122
10620,,10620,METROPOLITANA DE SANTIAGO,13,11,3282,1663,1619,3282,1663,1619,0,0,0,PEÑALOLÉN,SANTIAGO,131,13122
10621,,10621,METROPOLITANA DE SANTIAGO,13,12,3320,1675,1645,3320,1675,1645,0,0,0,PEÑALOLÉN,SANTIAGO,131,13122
10622,,10622,METROPOLITANA DE SANTIAGO,13,13,3376,1677,1699,3376,1677,1699,0,0,0,PEÑALOLÉN,SANTIAGO,131,13122
10623,,10623,METROPOLITANA DE SANTIAGO,13,14,3439,1777,1662,3439,1777,1662,0,0,0,PEÑALOLÉN,SANTIAGO,131,13122
10624,,10624,METROPOLITANA DE SANTIAGO,13,15,3670,1902,1768,3670,1902,1768,0,0,0,PEÑALOLÉN,SANTIAGO,131,13122
10625,,10625,METROPOLITANA DE SANTIAGO,13,16,3637,1809,1828,3637,1809,1828,0,0,0,PEÑALOLÉN,SANTIAGO,131,13122
10626,,10626,METROPOLITANA DE SANTIAGO,13,17,3726,1888,1838,3726,1888,1838,0,0,0,PEÑALOLÉN,SANTIAGO,131,13122
10627,,10627,METROPOLITANA DE SANTIAGO,13,18,3798,1814,1984,3798,1814,1984,0,0,0,PEÑALOLÉN,SANTIAGO,131,13122
10628,,10628,METROPOLITANA DE SANTIAGO,13,19,3984,2020,1964,3984,2020,1964,0,0,0,PEÑALOLÉN,SANTIAGO,131,13122
10629,,10629,METROPOLITANA DE SANTIAGO,13,20,4182,2082,2100,4182,2082,2100,0,0,0,PEÑALOLÉN,SANTIAGO,131,13122
10630,,10630,METROPOLITANA DE SANTIAGO,13,21,4040,2061,1979,4040,2061,1979,0,0,0,PEÑALOLÉN,SANTIAGO,131,13122
10631,,10631,METROPOLITANA DE SANTIAGO,13,22,4362,2222,2140,4362,2222,2140,0,0,0,PEÑALOLÉN,SANTIAGO,131,13122
10632,,10632,METROPOLITANA DE SANTIAGO,13,23,4336,2219,2117,4336,2219,2117,0,0,0,PEÑALOLÉN,SANTIAGO,131,13122
10633,,10633,METROPOLITANA DE SANTIAGO,13,24,4208,2182,2026,4208,2182,2026,0,0,0,PEÑALOLÉN,SANTIAGO,131,13122
10634,,10634,METROPOLITANA DE SANTIAGO,13,25,4119,2073,2046,4119,2073,2046,0,0,0,PEÑALOLÉN,SANTIAGO,131,13122
10635,,10635,METROPOLITANA DE SANTIAGO,13,26,4058,2097,1961,4058,2097,1961,0,0,0,PEÑALOLÉN,SANTIAGO,131,13122
10636,,10636,METROPOLITANA DE SANTIAGO,13,27,3924,1991,1933,3924,1991,1933,0,0,0,PEÑALOLÉN,SANTIAGO,131,13122
10637,,10637,METROPOLITANA DE SANTIAGO,13,28,3685,1864,1821,3685,1864,1821,0,0,0,PEÑALOLÉN,SANTIAGO,131,13122
10638,,10638,METROPOLITANA DE SANTIAGO,13,29,3298,1687,1611,3298,1687,1611,0,0,0,PEÑALOLÉN,SANTIAGO,131,13122
10639,,10639,METROPOLITANA DE SANTIAGO,13,30,3135,1598,1537,3135,1598,1537,0,0,0,PEÑALOLÉN,SANTIAGO,131,13122
10640,,10640,METROPOLITANA DE SANTIAGO,13,31,2935,1479,1456,2935,1479,1456,0,0,0,PEÑALOLÉN,SANTIAGO,131,13122
10641,,10641,METROPOLITANA DE SANTIAGO,13,32,2851,1368,1483,2851,1368,1483,0,0,0,PEÑALOLÉN,SANTIAGO,131,13122
10642,,10642,METROPOLITANA DE SANTIAGO,13,33,2780,1369,1411,2780,1369,1411,0,0,0,PEÑALOLÉN,SANTIAGO,131,13122
10643,,10643,METROPOLITANA DE SANTIAGO,13,34,3086,1516,1570,3086,1516,1570,0,0,0,PEÑALOLÉN,SANTIAGO,131,13122
10644,,10644,METROPOLITANA DE SANTIAGO,13,35,3214,1567,1647,3214,1567,1647,0,0,0,PEÑALOLÉN,SANTIAGO,131,13122
10645,,10645,METROPOLITANA DE SANTIAGO,13,36,3090,1473,1617,3090,1473,1617,0,0,0,PEÑALOLÉN,SANTIAGO,131,13122
10646,,10646,METROPOLITANA DE SANTIAGO,13,37,3098,1505,1593,3098,1505,1593,0,0,0,PEÑALOLÉN,SANTIAGO,131,13122
10647,,10647,METROPOLITANA DE SANTIAGO,13,38,3124,1520,1604,3124,1520,1604,0,0,0,PEÑALOLÉN,SANTIAGO,131,13122
10648,,10648,METROPOLITANA DE SANTIAGO,13,39,3110,1460,1650,3110,1460,1650,0,0,0,PEÑALOLÉN,SANTIAGO,131,13122
10649,,10649,METROPOLITANA DE SANTIAGO,13,40,3224,1472,1752,3224,1472,1752,0,0,0,PEÑALOLÉN,SANTIAGO,131,13122
10650,,10650,METROPOLITANA DE SANTIAGO,13,41,3430,1614,1816,3430,1614,1816,0,0,0,PEÑALOLÉN,SANTIAGO,131,13122
10651,,10651,METROPOLITANA DE SANTIAGO,13,42,3613,1738,1875,3613,1738,1875,0,0,0,PEÑALOLÉN,SANTIAGO,131,13122
10652,,10652,METROPOLITANA DE SANTIAGO,13,43,3891,1902,1989,3891,1902,1989,0,0,0,PEÑALOLÉN,SANTIAGO,131,13122
10653,,10653,METROPOLITANA DE SANTIAGO,13,44,3772,1779,1993,3772,1779,1993,0,0,0,PEÑALOLÉN,SANTIAGO,131,13122
10654,,10654,METROPOLITANA DE SANTIAGO,13,45,3848,1852,1996,3848,1852,1996,0,0,0,PEÑALOLÉN,SANTIAGO,131,13122
10655,,10655,METROPOLITANA DE SANTIAGO,13,46,3762,1816,1946,3762,1816,1946,0,0,0,PEÑALOLÉN,SANTIAGO,131,13122
10656,,10656,METROPOLITANA DE SANTIAGO,13,47,3535,1710,1825,3535,1710,1825,0,0,0,PEÑALOLÉN,SANTIAGO,131,13122
10657,,10657,METROPOLITANA DE SANTIAGO,13,48,3508,1642,1866,3508,1642,1866,0,0,0,PEÑALOLÉN,SANTIAGO,131,13122
10658,,10658,METROPOLITANA DE SANTIAGO,13,49,3503,1667,1836,3503,1667,1836,0,0,0,PEÑALOLÉN,SANTIAGO,131,13122
10659,,10659,METROPOLITANA DE SANTIAGO,13,50,3611,1709,1902,3611,1709,1902,0,0,0,PEÑALOLÉN,SANTIAGO,131,13122
10660,,10660,METROPOLITANA DE SANTIAGO,13,51,3567,1709,1858,3567,1709,1858,0,0,0,PEÑALOLÉN,SANTIAGO,131,13122
10661,,10661,METROPOLITANA DE SANTIAGO,13,52,3542,1704,1838,3542,1704,1838,0,0,0,PEÑALOLÉN,SANTIAGO,131,13122
10662,,10662,METROPOLITANA DE SANTIAGO,13,53,3376,1557,1819,3376,1557,1819,0,0,0,PEÑALOLÉN,SANTIAGO,131,13122
10663,,10663,METROPOLITANA DE SANTIAGO,13,54,3261,1537,1724,3261,1537,1724,0,0,0,PEÑALOLÉN,SANTIAGO,131,13122
10664,,10664,METROPOLITANA DE SANTIAGO,13,55,3085,1439,1646,3085,1439,1646,0,0,0,PEÑALOLÉN,SANTIAGO,131,13122
10665,,10665,METROPOLITANA DE SANTIAGO,13,56,2943,1368,1575,2943,1368,1575,0,0,0,PEÑALOLÉN,SANTIAGO,131,13122
10666,,10666,METROPOLITANA DE SANTIAGO,13,57,2649,1305,1344,2649,1305,1344,0,0,0,PEÑALOLÉN,SANTIAGO,131,13122
10667,,10667,METROPOLITANA DE SANTIAGO,13,58,2615,1224,1391,2615,1224,1391,0,0,0,PEÑALOLÉN,SANTIAGO,131,13122
10668,,10668,METROPOLITANA DE SANTIAGO,13,59,2528,1185,1343,2528,1185,1343,0,0,0,PEÑALOLÉN,SANTIAGO,131,13122
10669,,10669,METROPOLITANA DE SANTIAGO,13,60,2447,1181,1266,2447,1181,1266,0,0,0,PEÑALOLÉN,SANTIAGO,131,13122
10670,,10670,METROPOLITANA DE SANTIAGO,13,61,2244,1028,1216,2244,1028,1216,0,0,0,PEÑALOLÉN,SANTIAGO,131,13122
10671,,10671,METROPOLITANA DE SANTIAGO,13,62,2110,934,1176,2110,934,1176,0,0,0,PEÑALOLÉN,SANTIAGO,131,13122
10672,,10672,METROPOLITANA DE SANTIAGO,13,63,2114,1013,1101,2114,1013,1101,0,0,0,PEÑALOLÉN,SANTIAGO,131,13122
10673,,10673,METROPOLITANA DE SANTIAGO,13,64,1904,870,1034,1904,870,1034,0,0,0,PEÑALOLÉN,SANTIAGO,131,13122
10674,,10674,METROPOLITANA DE SANTIAGO,13,65,1871,852,1019,1871,852,1019,0,0,0,PEÑALOLÉN,SANTIAGO,131,13122
10675,,10675,METROPOLITANA DE SANTIAGO,13,66,1748,826,922,1748,826,922,0,0,0,PEÑALOLÉN,SANTIAGO,131,13122
10676,,10676,METROPOLITANA DE SANTIAGO,13,67,1662,791,871,1662,791,871,0,0,0,PEÑALOLÉN,SANTIAGO,131,13122
10677,,10677,METROPOLITANA DE SANTIAGO,13,68,1659,731,928,1659,731,928,0,0,0,PEÑALOLÉN,SANTIAGO,131,13122
10678,,10678,METROPOLITANA DE SANTIAGO,13,69,1587,702,885,1587,702,885,0,0,0,PEÑALOLÉN,SANTIAGO,131,13122
10679,,10679,METROPOLITANA DE SANTIAGO,13,70,1580,667,913,1580,667,913,0,0,0,PEÑALOLÉN,SANTIAGO,131,13122
10680,,10680,METROPOLITANA DE SANTIAGO,13,71,1412,599,813,1412,599,813,0,0,0,PEÑALOLÉN,SANTIAGO,131,13122
10681,,10681,METROPOLITANA DE SANTIAGO,13,72,1411,588,823,1411,588,823,0,0,0,PEÑALOLÉN,SANTIAGO,131,13122
10682,,10682,METROPOLITANA DE SANTIAGO,13,73,1250,535,715,1250,535,715,0,0,0,PEÑALOLÉN,SANTIAGO,131,13122
10683,,10683,METROPOLITANA DE SANTIAGO,13,74,1196,533,663,1196,533,663,0,0,0,PEÑALOLÉN,SANTIAGO,131,13122
10684,,10684,METROPOLITANA DE SANTIAGO,13,75,1124,451,673,1124,451,673,0,0,0,PEÑALOLÉN,SANTIAGO,131,13122
10685,,10685,METROPOLITANA DE SANTIAGO,13,76,1038,442,596,1038,442,596,0,0,0,PEÑALOLÉN,SANTIAGO,131,13122
10686,,10686,METROPOLITANA DE SANTIAGO,13,77,955,382,573,955,382,573,0,0,0,PEÑALOLÉN,SANTIAGO,131,13122
10687,,10687,METROPOLITANA DE SANTIAGO,13,78,801,308,493,801,308,493,0,0,0,PEÑALOLÉN,SANTIAGO,131,13122
10688,,10688,METROPOLITANA DE SANTIAGO,13,79,706,270,436,706,270,436,0,0,0,PEÑALOLÉN,SANTIAGO,131,13122
10689,,10689,METROPOLITANA DE SANTIAGO,13,80,673,261,412,673,261,412,0,0,0,PEÑALOLÉN,SANTIAGO,131,13122
10690,,10690,METROPOLITANA DE SANTIAGO,13,81,558,200,358,558,200,358,0,0,0,PEÑALOLÉN,SANTIAGO,131,13122
10691,,10691,METROPOLITANA DE SANTIAGO,13,82,526,178,348,526,178,348,0,0,0,PEÑALOLÉN,SANTIAGO,131,13122
10692,,10692,METROPOLITANA DE SANTIAGO,13,83,457,155,302,457,155,302,0,0,0,PEÑALOLÉN,SANTIAGO,131,13122
10693,,10693,METROPOLITANA DE SANTIAGO,13,84,457,167,290,457,167,290,0,0,0,PEÑALOLÉN,SANTIAGO,131,13122
10694,,10694,METROPOLITANA DE SANTIAGO,13,85,379,134,245,379,134,245,0,0,0,PEÑALOLÉN,SANTIAGO,131,13122
10695,,10695,METROPOLITANA DE SANTIAGO,13,86,366,118,248,366,118,248,0,0,0,PEÑALOLÉN,SANTIAGO,131,13122
10696,,10696,METROPOLITANA DE SANTIAGO,13,87,300,79,221,300,79,221,0,0,0,PEÑALOLÉN,SANTIAGO,131,13122
10697,,10697,METROPOLITANA DE SANTIAGO,13,88,234,66,168,234,66,168,0,0,0,PEÑALOLÉN,SANTIAGO,131,13122
10698,,10698,METROPOLITANA DE SANTIAGO,13,89,216,66,150,216,66,150,0,0,0,PEÑALOLÉN,SANTIAGO,131,13122
10699,,10699,METROPOLITANA DE SANTIAGO,13,90,195,58,137,195,58,137,0,0,0,PEÑALOLÉN,SANTIAGO,131,13122
10700,,10700,METROPOLITANA DE SANTIAGO,13,91,106,31,75,106,31,75,0,0,0,PEÑALOLÉN,SANTIAGO,131,13122
10701,,10701,METROPOLITANA DE SANTIAGO,13,92,119,30,89,119,30,89,0,0,0,PEÑALOLÉN,SANTIAGO,131,13122
10702,,10702,METROPOLITANA DE SANTIAGO,13,93,77,19,58,77,19,58,0,0,0,PEÑALOLÉN,SANTIAGO,131,13122
10703,,10703,METROPOLITANA DE SANTIAGO,13,94,68,28,40,68,28,40,0,0,0,PEÑALOLÉN,SANTIAGO,131,13122
10704,,10704,METROPOLITANA DE SANTIAGO,13,95,35,10,25,35,10,25,0,0,0,PEÑALOLÉN,SANTIAGO,131,13122
10705,,10705,METROPOLITANA DE SANTIAGO,13,96,33,9,24,33,9,24,0,0,0,PEÑALOLÉN,SANTIAGO,131,13122
10706,,10706,METROPOLITANA DE SANTIAGO,13,97,22,7,15,22,7,15,0,0,0,PEÑALOLÉN,SANTIAGO,131,13122
10707,,10707,METROPOLITANA DE SANTIAGO,13,98,21,4,17,21,4,17,0,0,0,PEÑALOLÉN,SANTIAGO,131,13122
10708,,10708,METROPOLITANA DE SANTIAGO,13,99,13,3,10,13,3,10,0,0,0,PEÑALOLÉN,SANTIAGO,131,13122
10709,,10709,METROPOLITANA DE SANTIAGO,13,100 o más,67,23,44,67,23,44,0,0,0,PEÑALOLÉN,SANTIAGO,131,13122
10710,,10710,METROPOLITANA DE SANTIAGO,13,Total Comuna,142079,65710,76369,142079,65710,76369,0,0,0,PROVIDENCIA,SANTIAGO,131,13123
10711,,10711,METROPOLITANA DE SANTIAGO,13,0,1792,940,852,1792,940,852,0,0,0,PROVIDENCIA,SANTIAGO,131,13123
10712,,10712,METROPOLITANA DE SANTIAGO,13,1,1731,861,870,1731,861,870,0,0,0,PROVIDENCIA,SANTIAGO,131,13123
10713,,10713,METROPOLITANA DE SANTIAGO,13,2,1475,725,750,1475,725,750,0,0,0,PROVIDENCIA,SANTIAGO,131,13123
10714,,10714,METROPOLITANA DE SANTIAGO,13,3,1426,734,692,1426,734,692,0,0,0,PROVIDENCIA,SANTIAGO,131,13123
10715,,10715,METROPOLITANA DE SANTIAGO,13,4,1270,650,620,1270,650,620,0,0,0,PROVIDENCIA,SANTIAGO,131,13123
10716,,10716,METROPOLITANA DE SANTIAGO,13,5,1150,609,541,1150,609,541,0,0,0,PROVIDENCIA,SANTIAGO,131,13123
10717,,10717,METROPOLITANA DE SANTIAGO,13,6,1189,606,583,1189,606,583,0,0,0,PROVIDENCIA,SANTIAGO,131,13123
10718,,10718,METROPOLITANA DE SANTIAGO,13,7,1141,565,576,1141,565,576,0,0,0,PROVIDENCIA,SANTIAGO,131,13123
10719,,10719,METROPOLITANA DE SANTIAGO,13,8,1030,525,505,1030,525,505,0,0,0,PROVIDENCIA,SANTIAGO,131,13123
10720,,10720,METROPOLITANA DE SANTIAGO,13,9,1001,505,496,1001,505,496,0,0,0,PROVIDENCIA,SANTIAGO,131,13123
10721,,10721,METROPOLITANA DE SANTIAGO,13,10,920,478,442,920,478,442,0,0,0,PROVIDENCIA,SANTIAGO,131,13123
10722,,10722,METROPOLITANA DE SANTIAGO,13,11,881,459,422,881,459,422,0,0,0,PROVIDENCIA,SANTIAGO,131,13123
10723,,10723,METROPOLITANA DE SANTIAGO,13,12,927,467,460,927,467,460,0,0,0,PROVIDENCIA,SANTIAGO,131,13123
10724,,10724,METROPOLITANA DE SANTIAGO,13,13,930,462,468,930,462,468,0,0,0,PROVIDENCIA,SANTIAGO,131,13123
10725,,10725,METROPOLITANA DE SANTIAGO,13,14,881,467,414,881,467,414,0,0,0,PROVIDENCIA,SANTIAGO,131,13123
10726,,10726,METROPOLITANA DE SANTIAGO,13,15,877,444,433,877,444,433,0,0,0,PROVIDENCIA,SANTIAGO,131,13123
10727,,10727,METROPOLITANA DE SANTIAGO,13,16,969,491,478,969,491,478,0,0,0,PROVIDENCIA,SANTIAGO,131,13123
10728,,10728,METROPOLITANA DE SANTIAGO,13,17,1017,529,488,1017,529,488,0,0,0,PROVIDENCIA,SANTIAGO,131,13123
10729,,10729,METROPOLITANA DE SANTIAGO,13,18,1518,764,754,1518,764,754,0,0,0,PROVIDENCIA,SANTIAGO,131,13123
10730,,10730,METROPOLITANA DE SANTIAGO,13,19,1643,805,838,1643,805,838,0,0,0,PROVIDENCIA,SANTIAGO,131,13123
10731,,10731,METROPOLITANA DE SANTIAGO,13,20,1914,965,949,1914,965,949,0,0,0,PROVIDENCIA,SANTIAGO,131,13123
10732,,10732,METROPOLITANA DE SANTIAGO,13,21,1945,932,1013,1945,932,1013,0,0,0,PROVIDENCIA,SANTIAGO,131,13123
10733,,10733,METROPOLITANA DE SANTIAGO,13,22,1904,935,969,1904,935,969,0,0,0,PROVIDENCIA,SANTIAGO,131,13123
10734,,10734,METROPOLITANA DE SANTIAGO,13,23,2081,988,1093,2081,988,1093,0,0,0,PROVIDENCIA,SANTIAGO,131,13123
10735,,10735,METROPOLITANA DE SANTIAGO,13,24,2232,1079,1153,2232,1079,1153,0,0,0,PROVIDENCIA,SANTIAGO,131,13123
10736,,10736,METROPOLITANA DE SANTIAGO,13,25,2415,1173,1242,2415,1173,1242,0,0,0,PROVIDENCIA,SANTIAGO,131,13123
10737,,10737,METROPOLITANA DE SANTIAGO,13,26,2771,1316,1455,2771,1316,1455,0,0,0,PROVIDENCIA,SANTIAGO,131,13123
10738,,10738,METROPOLITANA DE SANTIAGO,13,27,3030,1415,1615,3030,1415,1615,0,0,0,PROVIDENCIA,SANTIAGO,131,13123
10739,,10739,METROPOLITANA DE SANTIAGO,13,28,3330,1593,1737,3330,1593,1737,0,0,0,PROVIDENCIA,SANTIAGO,131,13123
10740,,10740,METROPOLITANA DE SANTIAGO,13,29,3308,1618,1690,3308,1618,1690,0,0,0,PROVIDENCIA,SANTIAGO,131,13123
10741,,10741,METROPOLITANA DE SANTIAGO,13,30,3432,1676,1756,3432,1676,1756,0,0,0,PROVIDENCIA,SANTIAGO,131,13123
10742,,10742,METROPOLITANA DE SANTIAGO,13,31,3320,1583,1737,3320,1583,1737,0,0,0,PROVIDENCIA,SANTIAGO,131,13123
10743,,10743,METROPOLITANA DE SANTIAGO,13,32,3406,1708,1698,3406,1708,1698,0,0,0,PROVIDENCIA,SANTIAGO,131,13123
10744,,10744,METROPOLITANA DE SANTIAGO,13,33,3338,1675,1663,3338,1675,1663,0,0,0,PROVIDENCIA,SANTIAGO,131,13123
10745,,10745,METROPOLITANA DE SANTIAGO,13,34,3287,1617,1670,3287,1617,1670,0,0,0,PROVIDENCIA,SANTIAGO,131,13123
10746,,10746,METROPOLITANA DE SANTIAGO,13,35,3270,1618,1652,3270,1618,1652,0,0,0,PROVIDENCIA,SANTIAGO,131,13123
10747,,10747,METROPOLITANA DE SANTIAGO,13,36,2970,1450,1520,2970,1450,1520,0,0,0,PROVIDENCIA,SANTIAGO,131,13123
10748,,10748,METROPOLITANA DE SANTIAGO,13,37,2893,1424,1469,2893,1424,1469,0,0,0,PROVIDENCIA,SANTIAGO,131,13123
10749,,10749,METROPOLITANA DE SANTIAGO,13,38,2641,1341,1300,2641,1341,1300,0,0,0,PROVIDENCIA,SANTIAGO,131,13123
10750,,10750,METROPOLITANA DE SANTIAGO,13,39,2447,1169,1278,2447,1169,1278,0,0,0,PROVIDENCIA,SANTIAGO,131,13123
10751,,10751,METROPOLITANA DE SANTIAGO,13,40,2315,1177,1138,2315,1177,1138,0,0,0,PROVIDENCIA,SANTIAGO,131,13123
10752,,10752,METROPOLITANA DE SANTIAGO,13,41,2261,1109,1152,2261,1109,1152,0,0,0,PROVIDENCIA,SANTIAGO,131,13123
10753,,10753,METROPOLITANA DE SANTIAGO,13,42,2209,1064,1145,2209,1064,1145,0,0,0,PROVIDENCIA,SANTIAGO,131,13123
10754,,10754,METROPOLITANA DE SANTIAGO,13,43,2106,1060,1046,2106,1060,1046,0,0,0,PROVIDENCIA,SANTIAGO,131,13123
10755,,10755,METROPOLITANA DE SANTIAGO,13,44,1957,936,1021,1957,936,1021,0,0,0,PROVIDENCIA,SANTIAGO,131,13123
10756,,10756,METROPOLITANA DE SANTIAGO,13,45,1875,889,986,1875,889,986,0,0,0,PROVIDENCIA,SANTIAGO,131,13123
10757,,10757,METROPOLITANA DE SANTIAGO,13,46,1699,848,851,1699,848,851,0,0,0,PROVIDENCIA,SANTIAGO,131,13123
10758,,10758,METROPOLITANA DE SANTIAGO,13,47,1512,725,787,1512,725,787,0,0,0,PROVIDENCIA,SANTIAGO,131,13123
10759,,10759,METROPOLITANA DE SANTIAGO,13,48,1498,728,770,1498,728,770,0,0,0,PROVIDENCIA,SANTIAGO,131,13123
10760,,10760,METROPOLITANA DE SANTIAGO,13,49,1538,712,826,1538,712,826,0,0,0,PROVIDENCIA,SANTIAGO,131,13123
10761,,10761,METROPOLITANA DE SANTIAGO,13,50,1458,691,767,1458,691,767,0,0,0,PROVIDENCIA,SANTIAGO,131,13123
10762,,10762,METROPOLITANA DE SANTIAGO,13,51,1380,655,725,1380,655,725,0,0,0,PROVIDENCIA,SANTIAGO,131,13123
10763,,10763,METROPOLITANA DE SANTIAGO,13,52,1479,652,827,1479,652,827,0,0,0,PROVIDENCIA,SANTIAGO,131,13123
10764,,10764,METROPOLITANA DE SANTIAGO,13,53,1449,637,812,1449,637,812,0,0,0,PROVIDENCIA,SANTIAGO,131,13123
10765,,10765,METROPOLITANA DE SANTIAGO,13,54,1460,673,787,1460,673,787,0,0,0,PROVIDENCIA,SANTIAGO,131,13123
10766,,10766,METROPOLITANA DE SANTIAGO,13,55,1407,624,783,1407,624,783,0,0,0,PROVIDENCIA,SANTIAGO,131,13123
10767,,10767,METROPOLITANA DE SANTIAGO,13,56,1497,643,854,1497,643,854,0,0,0,PROVIDENCIA,SANTIAGO,131,13123
10768,,10768,METROPOLITANA DE SANTIAGO,13,57,1466,635,831,1466,635,831,0,0,0,PROVIDENCIA,SANTIAGO,131,13123
10769,,10769,METROPOLITANA DE SANTIAGO,13,58,1426,593,833,1426,593,833,0,0,0,PROVIDENCIA,SANTIAGO,131,13123
10770,,10770,METROPOLITANA DE SANTIAGO,13,59,1393,554,839,1393,554,839,0,0,0,PROVIDENCIA,SANTIAGO,131,13123
10771,,10771,METROPOLITANA DE SANTIAGO,13,60,1515,594,921,1515,594,921,0,0,0,PROVIDENCIA,SANTIAGO,131,13123
10772,,10772,METROPOLITANA DE SANTIAGO,13,61,1372,570,802,1372,570,802,0,0,0,PROVIDENCIA,SANTIAGO,131,13123
10773,,10773,METROPOLITANA DE SANTIAGO,13,62,1346,560,786,1346,560,786,0,0,0,PROVIDENCIA,SANTIAGO,131,13123
10774,,10774,METROPOLITANA DE SANTIAGO,13,63,1220,470,750,1220,470,750,0,0,0,PROVIDENCIA,SANTIAGO,131,13123
10775,,10775,METROPOLITANA DE SANTIAGO,13,64,1276,500,776,1276,500,776,0,0,0,PROVIDENCIA,SANTIAGO,131,13123
10776,,10776,METROPOLITANA DE SANTIAGO,13,65,1199,510,689,1199,510,689,0,0,0,PROVIDENCIA,SANTIAGO,131,13123
10777,,10777,METROPOLITANA DE SANTIAGO,13,66,1182,482,700,1182,482,700,0,0,0,PROVIDENCIA,SANTIAGO,131,13123
10778,,10778,METROPOLITANA DE SANTIAGO,13,67,1180,489,691,1180,489,691,0,0,0,PROVIDENCIA,SANTIAGO,131,13123
10779,,10779,METROPOLITANA DE SANTIAGO,13,68,1161,447,714,1161,447,714,0,0,0,PROVIDENCIA,SANTIAGO,131,13123
10780,,10780,METROPOLITANA DE SANTIAGO,13,69,1138,461,677,1138,461,677,0,0,0,PROVIDENCIA,SANTIAGO,131,13123
10781,,10781,METROPOLITANA DE SANTIAGO,13,70,1112,430,682,1112,430,682,0,0,0,PROVIDENCIA,SANTIAGO,131,13123
10782,,10782,METROPOLITANA DE SANTIAGO,13,71,1052,437,615,1052,437,615,0,0,0,PROVIDENCIA,SANTIAGO,131,13123
10783,,10783,METROPOLITANA DE SANTIAGO,13,72,1054,411,643,1054,411,643,0,0,0,PROVIDENCIA,SANTIAGO,131,13123
10784,,10784,METROPOLITANA DE SANTIAGO,13,73,953,358,595,953,358,595,0,0,0,PROVIDENCIA,SANTIAGO,131,13123
10785,,10785,METROPOLITANA DE SANTIAGO,13,74,936,352,584,936,352,584,0,0,0,PROVIDENCIA,SANTIAGO,131,13123
10786,,10786,METROPOLITANA DE SANTIAGO,13,75,817,329,488,817,329,488,0,0,0,PROVIDENCIA,SANTIAGO,131,13123
10787,,10787,METROPOLITANA DE SANTIAGO,13,76,811,299,512,811,299,512,0,0,0,PROVIDENCIA,SANTIAGO,131,13123
10788,,10788,METROPOLITANA DE SANTIAGO,13,77,795,291,504,795,291,504,0,0,0,PROVIDENCIA,SANTIAGO,131,13123
10789,,10789,METROPOLITANA DE SANTIAGO,13,78,668,248,420,668,248,420,0,0,0,PROVIDENCIA,SANTIAGO,131,13123
10790,,10790,METROPOLITANA DE SANTIAGO,13,79,657,247,410,657,247,410,0,0,0,PROVIDENCIA,SANTIAGO,131,13123
10791,,10791,METROPOLITANA DE SANTIAGO,13,80,656,229,427,656,229,427,0,0,0,PROVIDENCIA,SANTIAGO,131,13123
10792,,10792,METROPOLITANA DE SANTIAGO,13,81,663,246,417,663,246,417,0,0,0,PROVIDENCIA,SANTIAGO,131,13123
10793,,10793,METROPOLITANA DE SANTIAGO,13,82,623,210,413,623,210,413,0,0,0,PROVIDENCIA,SANTIAGO,131,13123
10794,,10794,METROPOLITANA DE SANTIAGO,13,83,608,182,426,608,182,426,0,0,0,PROVIDENCIA,SANTIAGO,131,13123
10795,,10795,METROPOLITANA DE SANTIAGO,13,84,560,176,384,560,176,384,0,0,0,PROVIDENCIA,SANTIAGO,131,13123
10796,,10796,METROPOLITANA DE SANTIAGO,13,85,575,172,403,575,172,403,0,0,0,PROVIDENCIA,SANTIAGO,131,13123
10797,,10797,METROPOLITANA DE SANTIAGO,13,86,539,154,385,539,154,385,0,0,0,PROVIDENCIA,SANTIAGO,131,13123
10798,,10798,METROPOLITANA DE SANTIAGO,13,87,512,166,346,512,166,346,0,0,0,PROVIDENCIA,SANTIAGO,131,13123
10799,,10799,METROPOLITANA DE SANTIAGO,13,88,458,135,323,458,135,323,0,0,0,PROVIDENCIA,SANTIAGO,131,13123
10800,,10800,METROPOLITANA DE SANTIAGO,13,89,425,127,298,425,127,298,0,0,0,PROVIDENCIA,SANTIAGO,131,13123
10801,,10801,METROPOLITANA DE SANTIAGO,13,90,373,111,262,373,111,262,0,0,0,PROVIDENCIA,SANTIAGO,131,13123
10802,,10802,METROPOLITANA DE SANTIAGO,13,91,343,78,265,343,78,265,0,0,0,PROVIDENCIA,SANTIAGO,131,13123
10803,,10803,METROPOLITANA DE SANTIAGO,13,92,277,59,218,277,59,218,0,0,0,PROVIDENCIA,SANTIAGO,131,13123
10804,,10804,METROPOLITANA DE SANTIAGO,13,93,225,61,164,225,61,164,0,0,0,PROVIDENCIA,SANTIAGO,131,13123
10805,,10805,METROPOLITANA DE SANTIAGO,13,94,182,40,142,182,40,142,0,0,0,PROVIDENCIA,SANTIAGO,131,13123
10806,,10806,METROPOLITANA DE SANTIAGO,13,95,151,39,112,151,39,112,0,0,0,PROVIDENCIA,SANTIAGO,131,13123
10807,,10807,METROPOLITANA DE SANTIAGO,13,96,112,24,88,112,24,88,0,0,0,PROVIDENCIA,SANTIAGO,131,13123
10808,,10808,METROPOLITANA DE SANTIAGO,13,97,69,14,55,69,14,55,0,0,0,PROVIDENCIA,SANTIAGO,131,13123
10809,,10809,METROPOLITANA DE SANTIAGO,13,98,61,12,49,61,12,49,0,0,0,PROVIDENCIA,SANTIAGO,131,13123
10810,,10810,METROPOLITANA DE SANTIAGO,13,99,35,4,31,35,4,31,0,0,0,PROVIDENCIA,SANTIAGO,131,13123
10811,,10811,METROPOLITANA DE SANTIAGO,13,100 o más,101,20,81,101,20,81,0,0,0,PROVIDENCIA,SANTIAGO,131,13123
10812,,10812,METROPOLITANA DE SANTIAGO,13,Total Comuna,230293,112412,117881,226138,110257,115881,4155,2155,2000,PUDAHUEL,SANTIAGO,131,13124
10813,,10813,METROPOLITANA DE SANTIAGO,13,0,2867,1497,1370,2807,1463,1344,60,34,26,PUDAHUEL,SANTIAGO,131,13124
10814,,10814,METROPOLITANA DE SANTIAGO,13,1,3210,1603,1607,3150,1573,1577,60,30,30,PUDAHUEL,SANTIAGO,131,13124
10815,,10815,METROPOLITANA DE SANTIAGO,13,2,3260,1662,1598,3178,1618,1560,82,44,38,PUDAHUEL,SANTIAGO,131,13124
10816,,10816,METROPOLITANA DE SANTIAGO,13,3,3231,1644,1587,3155,1607,1548,76,37,39,PUDAHUEL,SANTIAGO,131,13124
10817,,10817,METROPOLITANA DE SANTIAGO,13,4,3441,1744,1697,3382,1716,1666,59,28,31,PUDAHUEL,SANTIAGO,131,13124
10818,,10818,METROPOLITANA DE SANTIAGO,13,5,3321,1721,1600,3265,1683,1582,56,38,18,PUDAHUEL,SANTIAGO,131,13124
10819,,10819,METROPOLITANA DE SANTIAGO,13,6,3306,1724,1582,3239,1695,1544,67,29,38,PUDAHUEL,SANTIAGO,131,13124
10820,,10820,METROPOLITANA DE SANTIAGO,13,7,3325,1675,1650,3264,1636,1628,61,39,22,PUDAHUEL,SANTIAGO,131,13124
10821,,10821,METROPOLITANA DE SANTIAGO,13,8,3229,1670,1559,3153,1631,1522,76,39,37,PUDAHUEL,SANTIAGO,131,13124
10822,,10822,METROPOLITANA DE SANTIAGO,13,9,3162,1610,1552,3091,1570,1521,71,40,31,PUDAHUEL,SANTIAGO,131,13124
10823,,10823,METROPOLITANA DE SANTIAGO,13,10,3219,1641,1578,3161,1612,1549,58,29,29,PUDAHUEL,SANTIAGO,131,13124
10824,,10824,METROPOLITANA DE SANTIAGO,13,11,2973,1549,1424,2916,1525,1391,57,24,33,PUDAHUEL,SANTIAGO,131,13124
10825,,10825,METROPOLITANA DE SANTIAGO,13,12,3125,1609,1516,3057,1576,1481,68,33,35,PUDAHUEL,SANTIAGO,131,13124
10826,,10826,METROPOLITANA DE SANTIAGO,13,13,3114,1593,1521,3052,1557,1495,62,36,26,PUDAHUEL,SANTIAGO,131,13124
10827,,10827,METROPOLITANA DE SANTIAGO,13,14,3222,1647,1575,3165,1617,1548,57,30,27,PUDAHUEL,SANTIAGO,131,13124
10828,,10828,METROPOLITANA DE SANTIAGO,13,15,3129,1644,1485,3066,1606,1460,63,38,25,PUDAHUEL,SANTIAGO,131,13124
10829,,10829,METROPOLITANA DE SANTIAGO,13,16,3312,1722,1590,3255,1690,1565,57,32,25,PUDAHUEL,SANTIAGO,131,13124
10830,,10830,METROPOLITANA DE SANTIAGO,13,17,3263,1713,1550,3223,1689,1534,40,24,16,PUDAHUEL,SANTIAGO,131,13124
10831,,10831,METROPOLITANA DE SANTIAGO,13,18,3467,1750,1717,3406,1725,1681,61,25,36,PUDAHUEL,SANTIAGO,131,13124
10832,,10832,METROPOLITANA DE SANTIAGO,13,19,3624,1781,1843,3560,1745,1815,64,36,28,PUDAHUEL,SANTIAGO,131,13124
10833,,10833,METROPOLITANA DE SANTIAGO,13,20,3737,1939,1798,3666,1908,1758,71,31,40,PUDAHUEL,SANTIAGO,131,13124
10834,,10834,METROPOLITANA DE SANTIAGO,13,21,3912,1941,1971,3838,1907,1931,74,34,40,PUDAHUEL,SANTIAGO,131,13124
10835,,10835,METROPOLITANA DE SANTIAGO,13,22,4170,2124,2046,4094,2080,2014,76,44,32,PUDAHUEL,SANTIAGO,131,13124
10836,,10836,METROPOLITANA DE SANTIAGO,13,23,4156,2076,2080,4083,2038,2045,73,38,35,PUDAHUEL,SANTIAGO,131,13124
10837,,10837,METROPOLITANA DE SANTIAGO,13,24,3989,2106,1883,3923,2070,1853,66,36,30,PUDAHUEL,SANTIAGO,131,13124
10838,,10838,METROPOLITANA DE SANTIAGO,13,25,4081,2011,2070,4014,1977,2037,67,34,33,PUDAHUEL,SANTIAGO,131,13124
10839,,10839,METROPOLITANA DE SANTIAGO,13,26,4240,2175,2065,4165,2142,2023,75,33,42,PUDAHUEL,SANTIAGO,131,13124
10840,,10840,METROPOLITANA DE SANTIAGO,13,27,4158,2096,2062,4079,2060,2019,79,36,43,PUDAHUEL,SANTIAGO,131,13124
10841,,10841,METROPOLITANA DE SANTIAGO,13,28,3949,1990,1959,3901,1969,1932,48,21,27,PUDAHUEL,SANTIAGO,131,13124
10842,,10842,METROPOLITANA DE SANTIAGO,13,29,3684,1891,1793,3615,1857,1758,69,34,35,PUDAHUEL,SANTIAGO,131,13124
10843,,10843,METROPOLITANA DE SANTIAGO,13,30,3554,1769,1785,3480,1734,1746,74,35,39,PUDAHUEL,SANTIAGO,131,13124
10844,,10844,METROPOLITANA DE SANTIAGO,13,31,3265,1629,1636,3205,1594,1611,60,35,25,PUDAHUEL,SANTIAGO,131,13124
10845,,10845,METROPOLITANA DE SANTIAGO,13,32,3185,1594,1591,3122,1564,1558,63,30,33,PUDAHUEL,SANTIAGO,131,13124
10846,,10846,METROPOLITANA DE SANTIAGO,13,33,3095,1499,1596,3044,1475,1569,51,24,27,PUDAHUEL,SANTIAGO,131,13124
10847,,10847,METROPOLITANA DE SANTIAGO,13,34,3270,1592,1678,3205,1565,1640,65,27,38,PUDAHUEL,SANTIAGO,131,13124
10848,,10848,METROPOLITANA DE SANTIAGO,13,35,3530,1709,1821,3471,1675,1796,59,34,25,PUDAHUEL,SANTIAGO,131,13124
10849,,10849,METROPOLITANA DE SANTIAGO,13,36,3078,1519,1559,3012,1490,1522,66,29,37,PUDAHUEL,SANTIAGO,131,13124
10850,,10850,METROPOLITANA DE SANTIAGO,13,37,3156,1565,1591,3105,1535,1570,51,30,21,PUDAHUEL,SANTIAGO,131,13124
10851,,10851,METROPOLITANA DE SANTIAGO,13,38,3012,1457,1555,2955,1426,1529,57,31,26,PUDAHUEL,SANTIAGO,131,13124
10852,,10852,METROPOLITANA DE SANTIAGO,13,39,2908,1385,1523,2851,1356,1495,57,29,28,PUDAHUEL,SANTIAGO,131,13124
10853,,10853,METROPOLITANA DE SANTIAGO,13,40,3001,1488,1513,2950,1466,1484,51,22,29,PUDAHUEL,SANTIAGO,131,13124
10854,,10854,METROPOLITANA DE SANTIAGO,13,41,3147,1531,1616,3084,1498,1586,63,33,30,PUDAHUEL,SANTIAGO,131,13124
10855,,10855,METROPOLITANA DE SANTIAGO,13,42,3318,1653,1665,3271,1634,1637,47,19,28,PUDAHUEL,SANTIAGO,131,13124
10856,,10856,METROPOLITANA DE SANTIAGO,13,43,3426,1704,1722,3364,1670,1694,62,34,28,PUDAHUEL,SANTIAGO,131,13124
10857,,10857,METROPOLITANA DE SANTIAGO,13,44,3225,1551,1674,3160,1520,1640,65,31,34,PUDAHUEL,SANTIAGO,131,13124
10858,,10858,METROPOLITANA DE SANTIAGO,13,45,3364,1620,1744,3297,1583,1714,67,37,30,PUDAHUEL,SANTIAGO,131,13124
10859,,10859,METROPOLITANA DE SANTIAGO,13,46,3099,1448,1651,3041,1416,1625,58,32,26,PUDAHUEL,SANTIAGO,131,13124
10860,,10860,METROPOLITANA DE SANTIAGO,13,47,2958,1412,1546,2912,1389,1523,46,23,23,PUDAHUEL,SANTIAGO,131,13124
10861,,10861,METROPOLITANA DE SANTIAGO,13,48,3109,1458,1651,3058,1434,1624,51,24,27,PUDAHUEL,SANTIAGO,131,13124
10862,,10862,METROPOLITANA DE SANTIAGO,13,49,3213,1536,1677,3159,1508,1651,54,28,26,PUDAHUEL,SANTIAGO,131,13124
10863,,10863,METROPOLITANA DE SANTIAGO,13,50,3313,1508,1805,3265,1479,1786,48,29,19,PUDAHUEL,SANTIAGO,131,13124
10864,,10864,METROPOLITANA DE SANTIAGO,13,51,3412,1591,1821,3353,1558,1795,59,33,26,PUDAHUEL,SANTIAGO,131,13124
10865,,10865,METROPOLITANA DE SANTIAGO,13,52,3591,1704,1887,3531,1670,1861,60,34,26,PUDAHUEL,SANTIAGO,131,13124
10866,,10866,METROPOLITANA DE SANTIAGO,13,53,3419,1592,1827,3368,1570,1798,51,22,29,PUDAHUEL,SANTIAGO,131,13124
10867,,10867,METROPOLITANA DE SANTIAGO,13,54,3457,1665,1792,3402,1641,1761,55,24,31,PUDAHUEL,SANTIAGO,131,13124
10868,,10868,METROPOLITANA DE SANTIAGO,13,55,3180,1504,1676,3123,1471,1652,57,33,24,PUDAHUEL,SANTIAGO,131,13124
10869,,10869,METROPOLITANA DE SANTIAGO,13,56,3028,1435,1593,2979,1410,1569,49,25,24,PUDAHUEL,SANTIAGO,131,13124
10870,,10870,METROPOLITANA DE SANTIAGO,13,57,2837,1303,1534,2798,1280,1518,39,23,16,PUDAHUEL,SANTIAGO,131,13124
10871,,10871,METROPOLITANA DE SANTIAGO,13,58,2785,1357,1428,2737,1329,1408,48,28,20,PUDAHUEL,SANTIAGO,131,13124
10872,,10872,METROPOLITANA DE SANTIAGO,13,59,2630,1234,1396,2576,1200,1376,54,34,20,PUDAHUEL,SANTIAGO,131,13124
10873,,10873,METROPOLITANA DE SANTIAGO,13,60,2427,1112,1315,2381,1090,1291,46,22,24,PUDAHUEL,SANTIAGO,131,13124
10874,,10874,METROPOLITANA DE SANTIAGO,13,61,2223,997,1226,2179,972,1207,44,25,19,PUDAHUEL,SANTIAGO,131,13124
10875,,10875,METROPOLITANA DE SANTIAGO,13,62,2006,933,1073,1961,909,1052,45,24,21,PUDAHUEL,SANTIAGO,131,13124
10876,,10876,METROPOLITANA DE SANTIAGO,13,63,1907,912,995,1874,895,979,33,17,16,PUDAHUEL,SANTIAGO,131,13124
10877,,10877,METROPOLITANA DE SANTIAGO,13,64,1751,829,922,1723,813,910,28,16,12,PUDAHUEL,SANTIAGO,131,13124
10878,,10878,METROPOLITANA DE SANTIAGO,13,65,1557,726,831,1530,707,823,27,19,8,PUDAHUEL,SANTIAGO,131,13124
10879,,10879,METROPOLITANA DE SANTIAGO,13,66,1471,681,790,1449,675,774,22,6,16,PUDAHUEL,SANTIAGO,131,13124
10880,,10880,METROPOLITANA DE SANTIAGO,13,67,1483,671,812,1456,654,802,27,17,10,PUDAHUEL,SANTIAGO,131,13124
10881,,10881,METROPOLITANA DE SANTIAGO,13,68,1325,561,764,1306,552,754,19,9,10,PUDAHUEL,SANTIAGO,131,13124
10882,,10882,METROPOLITANA DE SANTIAGO,13,69,1253,551,702,1226,536,690,27,15,12,PUDAHUEL,SANTIAGO,131,13124
10883,,10883,METROPOLITANA DE SANTIAGO,13,70,1215,552,663,1198,540,658,17,12,5,PUDAHUEL,SANTIAGO,131,13124
10884,,10884,METROPOLITANA DE SANTIAGO,13,71,1120,499,621,1102,490,612,18,9,9,PUDAHUEL,SANTIAGO,131,13124
10885,,10885,METROPOLITANA DE SANTIAGO,13,72,1027,426,601,1012,417,595,15,9,6,PUDAHUEL,SANTIAGO,131,13124
10886,,10886,METROPOLITANA DE SANTIAGO,13,73,947,370,577,931,363,568,16,7,9,PUDAHUEL,SANTIAGO,131,13124
10887,,10887,METROPOLITANA DE SANTIAGO,13,74,890,375,515,865,358,507,25,17,8,PUDAHUEL,SANTIAGO,131,13124
10888,,10888,METROPOLITANA DE SANTIAGO,13,75,854,355,499,842,349,493,12,6,6,PUDAHUEL,SANTIAGO,131,13124
10889,,10889,METROPOLITANA DE SANTIAGO,13,76,799,348,451,792,344,448,7,4,3,PUDAHUEL,SANTIAGO,131,13124
10890,,10890,METROPOLITANA DE SANTIAGO,13,77,682,268,414,674,264,410,8,4,4,PUDAHUEL,SANTIAGO,131,13124
10891,,10891,METROPOLITANA DE SANTIAGO,13,78,613,244,369,606,237,369,7,7,0,PUDAHUEL,SANTIAGO,131,13124
10892,,10892,METROPOLITANA DE SANTIAGO,13,79,529,210,319,526,208,318,3,2,1,PUDAHUEL,SANTIAGO,131,13124
10893,,10893,METROPOLITANA DE SANTIAGO,13,80,469,188,281,461,181,280,8,7,1,PUDAHUEL,SANTIAGO,131,13124
10894,,10894,METROPOLITANA DE SANTIAGO,13,81,497,166,331,488,163,325,9,3,6,PUDAHUEL,SANTIAGO,131,13124
10895,,10895,METROPOLITANA DE SANTIAGO,13,82,397,143,254,389,137,252,8,6,2,PUDAHUEL,SANTIAGO,131,13124
10896,,10896,METROPOLITANA DE SANTIAGO,13,83,339,122,217,330,117,213,9,5,4,PUDAHUEL,SANTIAGO,131,13124
10897,,10897,METROPOLITANA DE SANTIAGO,13,84,353,113,240,349,112,237,4,1,3,PUDAHUEL,SANTIAGO,131,13124
10898,,10898,METROPOLITANA DE SANTIAGO,13,85,299,100,199,293,99,194,6,1,5,PUDAHUEL,SANTIAGO,131,13124
10899,,10899,METROPOLITANA DE SANTIAGO,13,86,311,85,226,304,83,221,7,2,5,PUDAHUEL,SANTIAGO,131,13124
10900,,10900,METROPOLITANA DE SANTIAGO,13,87,230,65,165,228,64,164,2,1,1,PUDAHUEL,SANTIAGO,131,13124
10901,,10901,METROPOLITANA DE SANTIAGO,13,88,171,49,122,167,47,120,4,2,2,PUDAHUEL,SANTIAGO,131,13124
10902,,10902,METROPOLITANA DE SANTIAGO,13,89,166,45,121,163,45,118,3,0,3,PUDAHUEL,SANTIAGO,131,13124
10903,,10903,METROPOLITANA DE SANTIAGO,13,90,118,38,80,114,38,76,4,0,4,PUDAHUEL,SANTIAGO,131,13124
10904,,10904,METROPOLITANA DE SANTIAGO,13,91,104,22,82,102,20,82,2,2,0,PUDAHUEL,SANTIAGO,131,13124
10905,,10905,METROPOLITANA DE SANTIAGO,13,92,76,20,56,76,20,56,0,0,0,PUDAHUEL,SANTIAGO,131,13124
10906,,10906,METROPOLITANA DE SANTIAGO,13,93,55,11,44,55,11,44,0,0,0,PUDAHUEL,SANTIAGO,131,13124
10907,,10907,METROPOLITANA DE SANTIAGO,13,94,45,21,24,45,21,24,0,0,0,PUDAHUEL,SANTIAGO,131,13124
10908,,10908,METROPOLITANA DE SANTIAGO,13,95,33,9,24,31,9,22,2,0,2,PUDAHUEL,SANTIAGO,131,13124
10909,,10909,METROPOLITANA DE SANTIAGO,13,96,35,5,30,35,5,30,0,0,0,PUDAHUEL,SANTIAGO,131,13124
10910,,10910,METROPOLITANA DE SANTIAGO,13,97,14,3,11,14,3,11,0,0,0,PUDAHUEL,SANTIAGO,131,13124
10911,,10911,METROPOLITANA DE SANTIAGO,13,98,12,2,10,12,2,10,0,0,0,PUDAHUEL,SANTIAGO,131,13124
10912,,10912,METROPOLITANA DE SANTIAGO,13,99,7,2,5,7,2,5,0,0,0,PUDAHUEL,SANTIAGO,131,13124
10913,,10913,METROPOLITANA DE SANTIAGO,13,100 o más,42,23,19,41,23,18,1,0,1,PUDAHUEL,SANTIAGO,131,13124
10914,,10914,METROPOLITANA DE SANTIAGO,13,Total Comuna,210410,103456,106954,209858,103126,106732,552,330,222,QUILICURA,SANTIAGO,131,13125
10915,,10915,METROPOLITANA DE SANTIAGO,13,0,2824,1472,1352,2814,1469,1345,10,3,7,QUILICURA,SANTIAGO,131,13125
10916,,10916,METROPOLITANA DE SANTIAGO,13,1,3037,1538,1499,3030,1533,1497,7,5,2,QUILICURA,SANTIAGO,131,13125
10917,,10917,METROPOLITANA DE SANTIAGO,13,2,2993,1508,1485,2984,1504,1480,9,4,5,QUILICURA,SANTIAGO,131,13125
10918,,10918,METROPOLITANA DE SANTIAGO,13,3,3134,1603,1531,3122,1594,1528,12,9,3,QUILICURA,SANTIAGO,131,13125
10919,,10919,METROPOLITANA DE SANTIAGO,13,4,3063,1575,1488,3057,1571,1486,6,4,2,QUILICURA,SANTIAGO,131,13125
10920,,10920,METROPOLITANA DE SANTIAGO,13,5,3117,1598,1519,3112,1597,1515,5,1,4,QUILICURA,SANTIAGO,131,13125
10921,,10921,METROPOLITANA DE SANTIAGO,13,6,3247,1673,1574,3238,1667,1571,9,6,3,QUILICURA,SANTIAGO,131,13125
10922,,10922,METROPOLITANA DE SANTIAGO,13,7,3424,1713,1711,3414,1707,1707,10,6,4,QUILICURA,SANTIAGO,131,13125
10923,,10923,METROPOLITANA DE SANTIAGO,13,8,3385,1724,1661,3373,1719,1654,12,5,7,QUILICURA,SANTIAGO,131,13125
10924,,10924,METROPOLITANA DE SANTIAGO,13,9,3299,1695,1604,3286,1688,1598,13,7,6,QUILICURA,SANTIAGO,131,13125
10925,,10925,METROPOLITANA DE SANTIAGO,13,10,3228,1607,1621,3222,1605,1617,6,2,4,QUILICURA,SANTIAGO,131,13125
10926,,10926,METROPOLITANA DE SANTIAGO,13,11,3219,1605,1614,3211,1601,1610,8,4,4,QUILICURA,SANTIAGO,131,13125
10927,,10927,METROPOLITANA DE SANTIAGO,13,12,3243,1676,1567,3232,1667,1565,11,9,2,QUILICURA,SANTIAGO,131,13125
10928,,10928,METROPOLITANA DE SANTIAGO,13,13,3280,1686,1594,3267,1678,1589,13,8,5,QUILICURA,SANTIAGO,131,13125
10929,,10929,METROPOLITANA DE SANTIAGO,13,14,3408,1770,1638,3402,1767,1635,6,3,3,QUILICURA,SANTIAGO,131,13125
10930,,10930,METROPOLITANA DE SANTIAGO,13,15,3550,1806,1744,3544,1803,1741,6,3,3,QUILICURA,SANTIAGO,131,13125
10931,,10931,METROPOLITANA DE SANTIAGO,13,16,3512,1803,1709,3506,1801,1705,6,2,4,QUILICURA,SANTIAGO,131,13125
10932,,10932,METROPOLITANA DE SANTIAGO,13,17,3477,1739,1738,3470,1736,1734,7,3,4,QUILICURA,SANTIAGO,131,13125
10933,,10933,METROPOLITANA DE SANTIAGO,13,18,3397,1684,1713,3391,1681,1710,6,3,3,QUILICURA,SANTIAGO,131,13125
10934,,10934,METROPOLITANA DE SANTIAGO,13,19,3558,1809,1749,3543,1802,1741,15,7,8,QUILICURA,SANTIAGO,131,13125
10935,,10935,METROPOLITANA DE SANTIAGO,13,20,3558,1802,1756,3548,1798,1750,10,4,6,QUILICURA,SANTIAGO,131,13125
10936,,10936,METROPOLITANA DE SANTIAGO,13,21,3703,1878,1825,3692,1872,1820,11,6,5,QUILICURA,SANTIAGO,131,13125
10937,,10937,METROPOLITANA DE SANTIAGO,13,22,3894,1961,1933,3879,1953,1926,15,8,7,QUILICURA,SANTIAGO,131,13125
10938,,10938,METROPOLITANA DE SANTIAGO,13,23,3702,1894,1808,3693,1889,1804,9,5,4,QUILICURA,SANTIAGO,131,13125
10939,,10939,METROPOLITANA DE SANTIAGO,13,24,3768,1871,1897,3761,1868,1893,7,3,4,QUILICURA,SANTIAGO,131,13125
10940,,10940,METROPOLITANA DE SANTIAGO,13,25,3762,1906,1856,3753,1902,1851,9,4,5,QUILICURA,SANTIAGO,131,13125
10941,,10941,METROPOLITANA DE SANTIAGO,13,26,3825,1955,1870,3819,1952,1867,6,3,3,QUILICURA,SANTIAGO,131,13125
10942,,10942,METROPOLITANA DE SANTIAGO,13,27,3703,1877,1826,3694,1870,1824,9,7,2,QUILICURA,SANTIAGO,131,13125
10943,,10943,METROPOLITANA DE SANTIAGO,13,28,3739,1919,1820,3730,1912,1818,9,7,2,QUILICURA,SANTIAGO,131,13125
10944,,10944,METROPOLITANA DE SANTIAGO,13,29,3477,1826,1651,3472,1824,1648,5,2,3,QUILICURA,SANTIAGO,131,13125
10945,,10945,METROPOLITANA DE SANTIAGO,13,30,3222,1648,1574,3213,1643,1570,9,5,4,QUILICURA,SANTIAGO,131,13125
10946,,10946,METROPOLITANA DE SANTIAGO,13,31,3205,1614,1591,3198,1609,1589,7,5,2,QUILICURA,SANTIAGO,131,13125
10947,,10947,METROPOLITANA DE SANTIAGO,13,32,3104,1563,1541,3098,1558,1540,6,5,1,QUILICURA,SANTIAGO,131,13125
10948,,10948,METROPOLITANA DE SANTIAGO,13,33,2952,1470,1482,2944,1465,1479,8,5,3,QUILICURA,SANTIAGO,131,13125
10949,,10949,METROPOLITANA DE SANTIAGO,13,34,3183,1591,1592,3176,1588,1588,7,3,4,QUILICURA,SANTIAGO,131,13125
10950,,10950,METROPOLITANA DE SANTIAGO,13,35,3278,1610,1668,3272,1608,1664,6,2,4,QUILICURA,SANTIAGO,131,13125
10951,,10951,METROPOLITANA DE SANTIAGO,13,36,2977,1509,1468,2968,1503,1465,9,6,3,QUILICURA,SANTIAGO,131,13125
10952,,10952,METROPOLITANA DE SANTIAGO,13,37,3043,1469,1574,3035,1465,1570,8,4,4,QUILICURA,SANTIAGO,131,13125
10953,,10953,METROPOLITANA DE SANTIAGO,13,38,3001,1390,1611,2997,1389,1608,4,1,3,QUILICURA,SANTIAGO,131,13125
10954,,10954,METROPOLITANA DE SANTIAGO,13,39,2973,1416,1557,2965,1410,1555,8,6,2,QUILICURA,SANTIAGO,131,13125
10955,,10955,METROPOLITANA DE SANTIAGO,13,40,2969,1401,1568,2961,1397,1564,8,4,4,QUILICURA,SANTIAGO,131,13125
10956,,10956,METROPOLITANA DE SANTIAGO,13,41,3217,1546,1671,3207,1541,1666,10,5,5,QUILICURA,SANTIAGO,131,13125
10957,,10957,METROPOLITANA DE SANTIAGO,13,42,3388,1596,1792,3380,1589,1791,8,7,1,QUILICURA,SANTIAGO,131,13125
10958,,10958,METROPOLITANA DE SANTIAGO,13,43,3519,1637,1882,3508,1631,1877,11,6,5,QUILICURA,SANTIAGO,131,13125
10959,,10959,METROPOLITANA DE SANTIAGO,13,44,3566,1726,1840,3556,1719,1837,10,7,3,QUILICURA,SANTIAGO,131,13125
10960,,10960,METROPOLITANA DE SANTIAGO,13,45,3525,1694,1831,3520,1689,1831,5,5,0,QUILICURA,SANTIAGO,131,13125
10961,,10961,METROPOLITANA DE SANTIAGO,13,46,3218,1586,1632,3208,1578,1630,10,8,2,QUILICURA,SANTIAGO,131,13125
10962,,10962,METROPOLITANA DE SANTIAGO,13,47,3074,1491,1583,3069,1487,1582,5,4,1,QUILICURA,SANTIAGO,131,13125
10963,,10963,METROPOLITANA DE SANTIAGO,13,48,3118,1476,1642,3112,1472,1640,6,4,2,QUILICURA,SANTIAGO,131,13125
10964,,10964,METROPOLITANA DE SANTIAGO,13,49,3025,1476,1549,3012,1469,1543,13,7,6,QUILICURA,SANTIAGO,131,13125
10965,,10965,METROPOLITANA DE SANTIAGO,13,50,2963,1421,1542,2954,1412,1542,9,9,0,QUILICURA,SANTIAGO,131,13125
10966,,10966,METROPOLITANA DE SANTIAGO,13,51,2934,1397,1537,2931,1396,1535,3,1,2,QUILICURA,SANTIAGO,131,13125
10967,,10967,METROPOLITANA DE SANTIAGO,13,52,2979,1423,1556,2973,1418,1555,6,5,1,QUILICURA,SANTIAGO,131,13125
10968,,10968,METROPOLITANA DE SANTIAGO,13,53,2714,1332,1382,2707,1328,1379,7,4,3,QUILICURA,SANTIAGO,131,13125
10969,,10969,METROPOLITANA DE SANTIAGO,13,54,2767,1276,1491,2756,1269,1487,11,7,4,QUILICURA,SANTIAGO,131,13125
10970,,10970,METROPOLITANA DE SANTIAGO,13,55,2510,1191,1319,2504,1188,1316,6,3,3,QUILICURA,SANTIAGO,131,13125
10971,,10971,METROPOLITANA DE SANTIAGO,13,56,2428,1151,1277,2422,1148,1274,6,3,3,QUILICURA,SANTIAGO,131,13125
10972,,10972,METROPOLITANA DE SANTIAGO,13,57,2150,1022,1128,2143,1017,1126,7,5,2,QUILICURA,SANTIAGO,131,13125
10973,,10973,METROPOLITANA DE SANTIAGO,13,58,2081,957,1124,2076,954,1122,5,3,2,QUILICURA,SANTIAGO,131,13125
10974,,10974,METROPOLITANA DE SANTIAGO,13,59,1834,925,909,1829,921,908,5,4,1,QUILICURA,SANTIAGO,131,13125
10975,,10975,METROPOLITANA DE SANTIAGO,13,60,1873,929,944,1868,927,941,5,2,3,QUILICURA,SANTIAGO,131,13125
10976,,10976,METROPOLITANA DE SANTIAGO,13,61,1591,741,850,1584,737,847,7,4,3,QUILICURA,SANTIAGO,131,13125
10977,,10977,METROPOLITANA DE SANTIAGO,13,62,1429,709,720,1418,699,719,11,10,1,QUILICURA,SANTIAGO,131,13125
10978,,10978,METROPOLITANA DE SANTIAGO,13,63,1387,636,751,1386,636,750,1,0,1,QUILICURA,SANTIAGO,131,13125
10979,,10979,METROPOLITANA DE SANTIAGO,13,64,1243,561,682,1242,560,682,1,1,0,QUILICURA,SANTIAGO,131,13125
10980,,10980,METROPOLITANA DE SANTIAGO,13,65,1135,511,624,1131,509,622,4,2,2,QUILICURA,SANTIAGO,131,13125
10981,,10981,METROPOLITANA DE SANTIAGO,13,66,984,453,531,978,449,529,6,4,2,QUILICURA,SANTIAGO,131,13125
10982,,10982,METROPOLITANA DE SANTIAGO,13,67,957,411,546,952,408,544,5,3,2,QUILICURA,SANTIAGO,131,13125
10983,,10983,METROPOLITANA DE SANTIAGO,13,68,826,343,483,823,341,482,3,2,1,QUILICURA,SANTIAGO,131,13125
10984,,10984,METROPOLITANA DE SANTIAGO,13,69,794,330,464,791,328,463,3,2,1,QUILICURA,SANTIAGO,131,13125
10985,,10985,METROPOLITANA DE SANTIAGO,13,70,683,312,371,681,311,370,2,1,1,QUILICURA,SANTIAGO,131,13125
10986,,10986,METROPOLITANA DE SANTIAGO,13,71,644,282,362,644,282,362,0,0,0,QUILICURA,SANTIAGO,131,13125
10987,,10987,METROPOLITANA DE SANTIAGO,13,72,631,289,342,629,287,342,2,2,0,QUILICURA,SANTIAGO,131,13125
10988,,10988,METROPOLITANA DE SANTIAGO,13,73,567,233,334,565,231,334,2,2,0,QUILICURA,SANTIAGO,131,13125
10989,,10989,METROPOLITANA DE SANTIAGO,13,74,481,192,289,479,191,288,2,1,1,QUILICURA,SANTIAGO,131,13125
10990,,10990,METROPOLITANA DE SANTIAGO,13,75,474,186,288,473,185,288,1,1,0,QUILICURA,SANTIAGO,131,13125
10991,,10991,METROPOLITANA DE SANTIAGO,13,76,408,163,245,408,163,245,0,0,0,QUILICURA,SANTIAGO,131,13125
10992,,10992,METROPOLITANA DE SANTIAGO,13,77,362,155,207,361,154,207,1,1,0,QUILICURA,SANTIAGO,131,13125
10993,,10993,METROPOLITANA DE SANTIAGO,13,78,292,100,192,292,100,192,0,0,0,QUILICURA,SANTIAGO,131,13125
10994,,10994,METROPOLITANA DE SANTIAGO,13,79,241,89,152,239,87,152,2,2,0,QUILICURA,SANTIAGO,131,13125
10995,,10995,METROPOLITANA DE SANTIAGO,13,80,265,92,173,265,92,173,0,0,0,QUILICURA,SANTIAGO,131,13125
10996,,10996,METROPOLITANA DE SANTIAGO,13,81,217,70,147,217,70,147,0,0,0,QUILICURA,SANTIAGO,131,13125
10997,,10997,METROPOLITANA DE SANTIAGO,13,82,211,82,129,210,81,129,1,1,0,QUILICURA,SANTIAGO,131,13125
10998,,10998,METROPOLITANA DE SANTIAGO,13,83,177,59,118,176,58,118,1,1,0,QUILICURA,SANTIAGO,131,13125
10999,,10999,METROPOLITANA DE SANTIAGO,13,84,172,51,121,172,51,121,0,0,0,QUILICURA,SANTIAGO,131,13125
11000,,11000,METROPOLITANA DE SANTIAGO,13,85,143,51,92,143,51,92,0,0,0,QUILICURA,SANTIAGO,131,13125
11001,,11001,METROPOLITANA DE SANTIAGO,13,86,141,46,95,141,46,95,0,0,0,QUILICURA,SANTIAGO,131,13125
11002,,11002,METROPOLITANA DE SANTIAGO,13,87,114,40,74,113,39,74,1,1,0,QUILICURA,SANTIAGO,131,13125
11003,,11003,METROPOLITANA DE SANTIAGO,13,88,104,34,70,104,34,70,0,0,0,QUILICURA,SANTIAGO,131,13125
11004,,11004,METROPOLITANA DE SANTIAGO,13,89,103,33,70,103,33,70,0,0,0,QUILICURA,SANTIAGO,131,13125
11005,,11005,METROPOLITANA DE SANTIAGO,13,90,62,13,49,61,12,49,1,1,0,QUILICURA,SANTIAGO,131,13125
11006,,11006,METROPOLITANA DE SANTIAGO,13,91,65,22,43,65,22,43,0,0,0,QUILICURA,SANTIAGO,131,13125
11007,,11007,METROPOLITANA DE SANTIAGO,13,92,38,9,29,38,9,29,0,0,0,QUILICURA,SANTIAGO,131,13125
11008,,11008,METROPOLITANA DE SANTIAGO,13,93,38,15,23,38,15,23,0,0,0,QUILICURA,SANTIAGO,131,13125
11009,,11009,METROPOLITANA DE SANTIAGO,13,94,21,4,17,21,4,17,0,0,0,QUILICURA,SANTIAGO,131,13125
11010,,11010,METROPOLITANA DE SANTIAGO,13,95,14,5,9,14,5,9,0,0,0,QUILICURA,SANTIAGO,131,13125
11011,,11011,METROPOLITANA DE SANTIAGO,13,96,13,3,10,13,3,10,0,0,0,QUILICURA,SANTIAGO,131,13125
11012,,11012,METROPOLITANA DE SANTIAGO,13,97,11,0,11,11,0,11,0,0,0,QUILICURA,SANTIAGO,131,13125
11013,,11013,METROPOLITANA DE SANTIAGO,13,98,6,2,4,6,2,4,0,0,0,QUILICURA,SANTIAGO,131,13125
11014,,11014,METROPOLITANA DE SANTIAGO,13,99,6,2,4,6,2,4,0,0,0,QUILICURA,SANTIAGO,131,13125
11015,,11015,METROPOLITANA DE SANTIAGO,13,100 o más,44,21,23,44,21,23,0,0,0,QUILICURA,SANTIAGO,131,13125
11016,,11016,METROPOLITANA DE SANTIAGO,13,Total Comuna,110026,53669,56357,110026,53669,56357,0,0,0,QUINTA NORMAL,SANTIAGO,131,13126
11017,,11017,METROPOLITANA DE SANTIAGO,13,0,1255,633,622,1255,633,622,0,0,0,QUINTA NORMAL,SANTIAGO,131,13126
11018,,11018,METROPOLITANA DE SANTIAGO,13,1,1362,717,645,1362,717,645,0,0,0,QUINTA NORMAL,SANTIAGO,131,13126
11019,,11019,METROPOLITANA DE SANTIAGO,13,2,1335,658,677,1335,658,677,0,0,0,QUINTA NORMAL,SANTIAGO,131,13126
11020,,11020,METROPOLITANA DE SANTIAGO,13,3,1284,656,628,1284,656,628,0,0,0,QUINTA NORMAL,SANTIAGO,131,13126
11021,,11021,METROPOLITANA DE SANTIAGO,13,4,1365,693,672,1365,693,672,0,0,0,QUINTA NORMAL,SANTIAGO,131,13126
11022,,11022,METROPOLITANA DE SANTIAGO,13,5,1297,651,646,1297,651,646,0,0,0,QUINTA NORMAL,SANTIAGO,131,13126
11023,,11023,METROPOLITANA DE SANTIAGO,13,6,1357,685,672,1357,685,672,0,0,0,QUINTA NORMAL,SANTIAGO,131,13126
11024,,11024,METROPOLITANA DE SANTIAGO,13,7,1408,754,654,1408,754,654,0,0,0,QUINTA NORMAL,SANTIAGO,131,13126
11025,,11025,METROPOLITANA DE SANTIAGO,13,8,1301,679,622,1301,679,622,0,0,0,QUINTA NORMAL,SANTIAGO,131,13126
11026,,11026,METROPOLITANA DE SANTIAGO,13,9,1267,673,594,1267,673,594,0,0,0,QUINTA NORMAL,SANTIAGO,131,13126
11027,,11027,METROPOLITANA DE SANTIAGO,13,10,1223,622,601,1223,622,601,0,0,0,QUINTA NORMAL,SANTIAGO,131,13126
11028,,11028,METROPOLITANA DE SANTIAGO,13,11,1272,666,606,1272,666,606,0,0,0,QUINTA NORMAL,SANTIAGO,131,13126
11029,,11029,METROPOLITANA DE SANTIAGO,13,12,1178,604,574,1178,604,574,0,0,0,QUINTA NORMAL,SANTIAGO,131,13126
11030,,11030,METROPOLITANA DE SANTIAGO,13,13,1110,579,531,1110,579,531,0,0,0,QUINTA NORMAL,SANTIAGO,131,13126
11031,,11031,METROPOLITANA DE SANTIAGO,13,14,1262,647,615,1262,647,615,0,0,0,QUINTA NORMAL,SANTIAGO,131,13126
11032,,11032,METROPOLITANA DE SANTIAGO,13,15,1288,641,647,1288,641,647,0,0,0,QUINTA NORMAL,SANTIAGO,131,13126
11033,,11033,METROPOLITANA DE SANTIAGO,13,16,1407,715,692,1407,715,692,0,0,0,QUINTA NORMAL,SANTIAGO,131,13126
11034,,11034,METROPOLITANA DE SANTIAGO,13,17,1423,748,675,1423,748,675,0,0,0,QUINTA NORMAL,SANTIAGO,131,13126
11035,,11035,METROPOLITANA DE SANTIAGO,13,18,1481,719,762,1481,719,762,0,0,0,QUINTA NORMAL,SANTIAGO,131,13126
11036,,11036,METROPOLITANA DE SANTIAGO,13,19,1615,822,793,1615,822,793,0,0,0,QUINTA NORMAL,SANTIAGO,131,13126
11037,,11037,METROPOLITANA DE SANTIAGO,13,20,1695,860,835,1695,860,835,0,0,0,QUINTA NORMAL,SANTIAGO,131,13126
11038,,11038,METROPOLITANA DE SANTIAGO,13,21,1828,937,891,1828,937,891,0,0,0,QUINTA NORMAL,SANTIAGO,131,13126
11039,,11039,METROPOLITANA DE SANTIAGO,13,22,1863,961,902,1863,961,902,0,0,0,QUINTA NORMAL,SANTIAGO,131,13126
11040,,11040,METROPOLITANA DE SANTIAGO,13,23,1946,1018,928,1946,1018,928,0,0,0,QUINTA NORMAL,SANTIAGO,131,13126
11041,,11041,METROPOLITANA DE SANTIAGO,13,24,1948,1021,927,1948,1021,927,0,0,0,QUINTA NORMAL,SANTIAGO,131,13126
11042,,11042,METROPOLITANA DE SANTIAGO,13,25,2005,1051,954,2005,1051,954,0,0,0,QUINTA NORMAL,SANTIAGO,131,13126
11043,,11043,METROPOLITANA DE SANTIAGO,13,26,2013,1020,993,2013,1020,993,0,0,0,QUINTA NORMAL,SANTIAGO,131,13126
11044,,11044,METROPOLITANA DE SANTIAGO,13,27,2146,1100,1046,2146,1100,1046,0,0,0,QUINTA NORMAL,SANTIAGO,131,13126
11045,,11045,METROPOLITANA DE SANTIAGO,13,28,2118,1092,1026,2118,1092,1026,0,0,0,QUINTA NORMAL,SANTIAGO,131,13126
11046,,11046,METROPOLITANA DE SANTIAGO,13,29,1929,955,974,1929,955,974,0,0,0,QUINTA NORMAL,SANTIAGO,131,13126
11047,,11047,METROPOLITANA DE SANTIAGO,13,30,1895,993,902,1895,993,902,0,0,0,QUINTA NORMAL,SANTIAGO,131,13126
11048,,11048,METROPOLITANA DE SANTIAGO,13,31,1792,904,888,1792,904,888,0,0,0,QUINTA NORMAL,SANTIAGO,131,13126
11049,,11049,METROPOLITANA DE SANTIAGO,13,32,1692,890,802,1692,890,802,0,0,0,QUINTA NORMAL,SANTIAGO,131,13126
11050,,11050,METROPOLITANA DE SANTIAGO,13,33,1638,869,769,1638,869,769,0,0,0,QUINTA NORMAL,SANTIAGO,131,13126
11051,,11051,METROPOLITANA DE SANTIAGO,13,34,1659,872,787,1659,872,787,0,0,0,QUINTA NORMAL,SANTIAGO,131,13126
11052,,11052,METROPOLITANA DE SANTIAGO,13,35,1674,834,840,1674,834,840,0,0,0,QUINTA NORMAL,SANTIAGO,131,13126
11053,,11053,METROPOLITANA DE SANTIAGO,13,36,1479,760,719,1479,760,719,0,0,0,QUINTA NORMAL,SANTIAGO,131,13126
11054,,11054,METROPOLITANA DE SANTIAGO,13,37,1524,751,773,1524,751,773,0,0,0,QUINTA NORMAL,SANTIAGO,131,13126
11055,,11055,METROPOLITANA DE SANTIAGO,13,38,1446,715,731,1446,715,731,0,0,0,QUINTA NORMAL,SANTIAGO,131,13126
11056,,11056,METROPOLITANA DE SANTIAGO,13,39,1366,676,690,1366,676,690,0,0,0,QUINTA NORMAL,SANTIAGO,131,13126
11057,,11057,METROPOLITANA DE SANTIAGO,13,40,1444,741,703,1444,741,703,0,0,0,QUINTA NORMAL,SANTIAGO,131,13126
11058,,11058,METROPOLITANA DE SANTIAGO,13,41,1542,763,779,1542,763,779,0,0,0,QUINTA NORMAL,SANTIAGO,131,13126
11059,,11059,METROPOLITANA DE SANTIAGO,13,42,1560,774,786,1560,774,786,0,0,0,QUINTA NORMAL,SANTIAGO,131,13126
11060,,11060,METROPOLITANA DE SANTIAGO,13,43,1573,740,833,1573,740,833,0,0,0,QUINTA NORMAL,SANTIAGO,131,13126
11061,,11061,METROPOLITANA DE SANTIAGO,13,44,1493,729,764,1493,729,764,0,0,0,QUINTA NORMAL,SANTIAGO,131,13126
11062,,11062,METROPOLITANA DE SANTIAGO,13,45,1505,755,750,1505,755,750,0,0,0,QUINTA NORMAL,SANTIAGO,131,13126
11063,,11063,METROPOLITANA DE SANTIAGO,13,46,1373,666,707,1373,666,707,0,0,0,QUINTA NORMAL,SANTIAGO,131,13126
11064,,11064,METROPOLITANA DE SANTIAGO,13,47,1341,662,679,1341,662,679,0,0,0,QUINTA NORMAL,SANTIAGO,131,13126
11065,,11065,METROPOLITANA DE SANTIAGO,13,48,1301,623,678,1301,623,678,0,0,0,QUINTA NORMAL,SANTIAGO,131,13126
11066,,11066,METROPOLITANA DE SANTIAGO,13,49,1367,667,700,1367,667,700,0,0,0,QUINTA NORMAL,SANTIAGO,131,13126
11067,,11067,METROPOLITANA DE SANTIAGO,13,50,1420,660,760,1420,660,760,0,0,0,QUINTA NORMAL,SANTIAGO,131,13126
11068,,11068,METROPOLITANA DE SANTIAGO,13,51,1468,694,774,1468,694,774,0,0,0,QUINTA NORMAL,SANTIAGO,131,13126
11069,,11069,METROPOLITANA DE SANTIAGO,13,52,1516,727,789,1516,727,789,0,0,0,QUINTA NORMAL,SANTIAGO,131,13126
11070,,11070,METROPOLITANA DE SANTIAGO,13,53,1443,682,761,1443,682,761,0,0,0,QUINTA NORMAL,SANTIAGO,131,13126
11071,,11071,METROPOLITANA DE SANTIAGO,13,54,1557,730,827,1557,730,827,0,0,0,QUINTA NORMAL,SANTIAGO,131,13126
11072,,11072,METROPOLITANA DE SANTIAGO,13,55,1400,663,737,1400,663,737,0,0,0,QUINTA NORMAL,SANTIAGO,131,13126
11073,,11073,METROPOLITANA DE SANTIAGO,13,56,1374,667,707,1374,667,707,0,0,0,QUINTA NORMAL,SANTIAGO,131,13126
11074,,11074,METROPOLITANA DE SANTIAGO,13,57,1308,589,719,1308,589,719,0,0,0,QUINTA NORMAL,SANTIAGO,131,13126
11075,,11075,METROPOLITANA DE SANTIAGO,13,58,1223,579,644,1223,579,644,0,0,0,QUINTA NORMAL,SANTIAGO,131,13126
11076,,11076,METROPOLITANA DE SANTIAGO,13,59,1198,537,661,1198,537,661,0,0,0,QUINTA NORMAL,SANTIAGO,131,13126
11077,,11077,METROPOLITANA DE SANTIAGO,13,60,1176,553,623,1176,553,623,0,0,0,QUINTA NORMAL,SANTIAGO,131,13126
11078,,11078,METROPOLITANA DE SANTIAGO,13,61,1083,495,588,1083,495,588,0,0,0,QUINTA NORMAL,SANTIAGO,131,13126
11079,,11079,METROPOLITANA DE SANTIAGO,13,62,990,447,543,990,447,543,0,0,0,QUINTA NORMAL,SANTIAGO,131,13126
11080,,11080,METROPOLITANA DE SANTIAGO,13,63,1015,458,557,1015,458,557,0,0,0,QUINTA NORMAL,SANTIAGO,131,13126
11081,,11081,METROPOLITANA DE SANTIAGO,13,64,932,441,491,932,441,491,0,0,0,QUINTA NORMAL,SANTIAGO,131,13126
11082,,11082,METROPOLITANA DE SANTIAGO,13,65,939,437,502,939,437,502,0,0,0,QUINTA NORMAL,SANTIAGO,131,13126
11083,,11083,METROPOLITANA DE SANTIAGO,13,66,913,426,487,913,426,487,0,0,0,QUINTA NORMAL,SANTIAGO,131,13126
11084,,11084,METROPOLITANA DE SANTIAGO,13,67,831,385,446,831,385,446,0,0,0,QUINTA NORMAL,SANTIAGO,131,13126
11085,,11085,METROPOLITANA DE SANTIAGO,13,68,869,366,503,869,366,503,0,0,0,QUINTA NORMAL,SANTIAGO,131,13126
11086,,11086,METROPOLITANA DE SANTIAGO,13,69,792,356,436,792,356,436,0,0,0,QUINTA NORMAL,SANTIAGO,131,13126
11087,,11087,METROPOLITANA DE SANTIAGO,13,70,807,335,472,807,335,472,0,0,0,QUINTA NORMAL,SANTIAGO,131,13126
11088,,11088,METROPOLITANA DE SANTIAGO,13,71,717,331,386,717,331,386,0,0,0,QUINTA NORMAL,SANTIAGO,131,13126
11089,,11089,METROPOLITANA DE SANTIAGO,13,72,688,317,371,688,317,371,0,0,0,QUINTA NORMAL,SANTIAGO,131,13126
11090,,11090,METROPOLITANA DE SANTIAGO,13,73,676,300,376,676,300,376,0,0,0,QUINTA NORMAL,SANTIAGO,131,13126
11091,,11091,METROPOLITANA DE SANTIAGO,13,74,611,280,331,611,280,331,0,0,0,QUINTA NORMAL,SANTIAGO,131,13126
11092,,11092,METROPOLITANA DE SANTIAGO,13,75,619,250,369,619,250,369,0,0,0,QUINTA NORMAL,SANTIAGO,131,13126
11093,,11093,METROPOLITANA DE SANTIAGO,13,76,581,231,350,581,231,350,0,0,0,QUINTA NORMAL,SANTIAGO,131,13126
11094,,11094,METROPOLITANA DE SANTIAGO,13,77,552,210,342,552,210,342,0,0,0,QUINTA NORMAL,SANTIAGO,131,13126
11095,,11095,METROPOLITANA DE SANTIAGO,13,78,437,169,268,437,169,268,0,0,0,QUINTA NORMAL,SANTIAGO,131,13126
11096,,11096,METROPOLITANA DE SANTIAGO,13,79,442,178,264,442,178,264,0,0,0,QUINTA NORMAL,SANTIAGO,131,13126
11097,,11097,METROPOLITANA DE SANTIAGO,13,80,405,147,258,405,147,258,0,0,0,QUINTA NORMAL,SANTIAGO,131,13126
11098,,11098,METROPOLITANA DE SANTIAGO,13,81,409,128,281,409,128,281,0,0,0,QUINTA NORMAL,SANTIAGO,131,13126
11099,,11099,METROPOLITANA DE SANTIAGO,13,82,349,128,221,349,128,221,0,0,0,QUINTA NORMAL,SANTIAGO,131,13126
11100,,11100,METROPOLITANA DE SANTIAGO,13,83,344,135,209,344,135,209,0,0,0,QUINTA NORMAL,SANTIAGO,131,13126
11101,,11101,METROPOLITANA DE SANTIAGO,13,84,338,108,230,338,108,230,0,0,0,QUINTA NORMAL,SANTIAGO,131,13126
11102,,11102,METROPOLITANA DE SANTIAGO,13,85,317,99,218,317,99,218,0,0,0,QUINTA NORMAL,SANTIAGO,131,13126
11103,,11103,METROPOLITANA DE SANTIAGO,13,86,302,98,204,302,98,204,0,0,0,QUINTA NORMAL,SANTIAGO,131,13126
11104,,11104,METROPOLITANA DE SANTIAGO,13,87,281,89,192,281,89,192,0,0,0,QUINTA NORMAL,SANTIAGO,131,13126
11105,,11105,METROPOLITANA DE SANTIAGO,13,88,214,65,149,214,65,149,0,0,0,QUINTA NORMAL,SANTIAGO,131,13126
11106,,11106,METROPOLITANA DE SANTIAGO,13,89,194,45,149,194,45,149,0,0,0,QUINTA NORMAL,SANTIAGO,131,13126
11107,,11107,METROPOLITANA DE SANTIAGO,13,90,151,46,105,151,46,105,0,0,0,QUINTA NORMAL,SANTIAGO,131,13126
11108,,11108,METROPOLITANA DE SANTIAGO,13,91,99,22,77,99,22,77,0,0,0,QUINTA NORMAL,SANTIAGO,131,13126
11109,,11109,METROPOLITANA DE SANTIAGO,13,92,96,22,74,96,22,74,0,0,0,QUINTA NORMAL,SANTIAGO,131,13126
11110,,11110,METROPOLITANA DE SANTIAGO,13,93,81,26,55,81,26,55,0,0,0,QUINTA NORMAL,SANTIAGO,131,13126
11111,,11111,METROPOLITANA DE SANTIAGO,13,94,46,10,36,46,10,36,0,0,0,QUINTA NORMAL,SANTIAGO,131,13126
11112,,11112,METROPOLITANA DE SANTIAGO,13,95,49,14,35,49,14,35,0,0,0,QUINTA NORMAL,SANTIAGO,131,13126
11113,,11113,METROPOLITANA DE SANTIAGO,13,96,36,11,25,36,11,25,0,0,0,QUINTA NORMAL,SANTIAGO,131,13126
11114,,11114,METROPOLITANA DE SANTIAGO,13,97,26,6,20,26,6,20,0,0,0,QUINTA NORMAL,SANTIAGO,131,13126
11115,,11115,METROPOLITANA DE SANTIAGO,13,98,12,3,9,12,3,9,0,0,0,QUINTA NORMAL,SANTIAGO,131,13126
11116,,11116,METROPOLITANA DE SANTIAGO,13,99,6,0,6,6,0,6,0,0,0,QUINTA NORMAL,SANTIAGO,131,13126
11117,,11117,METROPOLITANA DE SANTIAGO,13,100 o más,49,13,36,49,13,36,0,0,0,QUINTA NORMAL,SANTIAGO,131,13126
11118,,11118,METROPOLITANA DE SANTIAGO,13,Total Comuna,157851,77709,80142,157851,77709,80142,0,0,0,RECOLETA,SANTIAGO,131,13127
11119,,11119,METROPOLITANA DE SANTIAGO,13,0,1905,956,949,1905,956,949,0,0,0,RECOLETA,SANTIAGO,131,13127
11120,,11120,METROPOLITANA DE SANTIAGO,13,1,1981,1015,966,1981,1015,966,0,0,0,RECOLETA,SANTIAGO,131,13127
11121,,11121,METROPOLITANA DE SANTIAGO,13,2,2018,1003,1015,2018,1003,1015,0,0,0,RECOLETA,SANTIAGO,131,13127
11122,,11122,METROPOLITANA DE SANTIAGO,13,3,1968,1019,949,1968,1019,949,0,0,0,RECOLETA,SANTIAGO,131,13127
11123,,11123,METROPOLITANA DE SANTIAGO,13,4,1908,950,958,1908,950,958,0,0,0,RECOLETA,SANTIAGO,131,13127
11124,,11124,METROPOLITANA DE SANTIAGO,13,5,1942,979,963,1942,979,963,0,0,0,RECOLETA,SANTIAGO,131,13127
11125,,11125,METROPOLITANA DE SANTIAGO,13,6,2013,1043,970,2013,1043,970,0,0,0,RECOLETA,SANTIAGO,131,13127
11126,,11126,METROPOLITANA DE SANTIAGO,13,7,1912,964,948,1912,964,948,0,0,0,RECOLETA,SANTIAGO,131,13127
11127,,11127,METROPOLITANA DE SANTIAGO,13,8,1998,1015,983,1998,1015,983,0,0,0,RECOLETA,SANTIAGO,131,13127
11128,,11128,METROPOLITANA DE SANTIAGO,13,9,1879,942,937,1879,942,937,0,0,0,RECOLETA,SANTIAGO,131,13127
11129,,11129,METROPOLITANA DE SANTIAGO,13,10,1843,910,933,1843,910,933,0,0,0,RECOLETA,SANTIAGO,131,13127
11130,,11130,METROPOLITANA DE SANTIAGO,13,11,1760,937,823,1760,937,823,0,0,0,RECOLETA,SANTIAGO,131,13127
11131,,11131,METROPOLITANA DE SANTIAGO,13,12,1813,919,894,1813,919,894,0,0,0,RECOLETA,SANTIAGO,131,13127
11132,,11132,METROPOLITANA DE SANTIAGO,13,13,1770,905,865,1770,905,865,0,0,0,RECOLETA,SANTIAGO,131,13127
11133,,11133,METROPOLITANA DE SANTIAGO,13,14,1742,922,820,1742,922,820,0,0,0,RECOLETA,SANTIAGO,131,13127
11134,,11134,METROPOLITANA DE SANTIAGO,13,15,1919,974,945,1919,974,945,0,0,0,RECOLETA,SANTIAGO,131,13127
11135,,11135,METROPOLITANA DE SANTIAGO,13,16,1957,1017,940,1957,1017,940,0,0,0,RECOLETA,SANTIAGO,131,13127
11136,,11136,METROPOLITANA DE SANTIAGO,13,17,1938,979,959,1938,979,959,0,0,0,RECOLETA,SANTIAGO,131,13127
11137,,11137,METROPOLITANA DE SANTIAGO,13,18,2188,1072,1116,2188,1072,1116,0,0,0,RECOLETA,SANTIAGO,131,13127
11138,,11138,METROPOLITANA DE SANTIAGO,13,19,2350,1213,1137,2350,1213,1137,0,0,0,RECOLETA,SANTIAGO,131,13127
11139,,11139,METROPOLITANA DE SANTIAGO,13,20,2449,1284,1165,2449,1284,1165,0,0,0,RECOLETA,SANTIAGO,131,13127
11140,,11140,METROPOLITANA DE SANTIAGO,13,21,2551,1336,1215,2551,1336,1215,0,0,0,RECOLETA,SANTIAGO,131,13127
11141,,11141,METROPOLITANA DE SANTIAGO,13,22,2820,1450,1370,2820,1450,1370,0,0,0,RECOLETA,SANTIAGO,131,13127
11142,,11142,METROPOLITANA DE SANTIAGO,13,23,2806,1480,1326,2806,1480,1326,0,0,0,RECOLETA,SANTIAGO,131,13127
11143,,11143,METROPOLITANA DE SANTIAGO,13,24,2846,1492,1354,2846,1492,1354,0,0,0,RECOLETA,SANTIAGO,131,13127
11144,,11144,METROPOLITANA DE SANTIAGO,13,25,2884,1464,1420,2884,1464,1420,0,0,0,RECOLETA,SANTIAGO,131,13127
11145,,11145,METROPOLITANA DE SANTIAGO,13,26,2885,1490,1395,2885,1490,1395,0,0,0,RECOLETA,SANTIAGO,131,13127
11146,,11146,METROPOLITANA DE SANTIAGO,13,27,2859,1488,1371,2859,1488,1371,0,0,0,RECOLETA,SANTIAGO,131,13127
11147,,11147,METROPOLITANA DE SANTIAGO,13,28,2927,1571,1356,2927,1571,1356,0,0,0,RECOLETA,SANTIAGO,131,13127
11148,,11148,METROPOLITANA DE SANTIAGO,13,29,2767,1415,1352,2767,1415,1352,0,0,0,RECOLETA,SANTIAGO,131,13127
11149,,11149,METROPOLITANA DE SANTIAGO,13,30,2607,1370,1237,2607,1370,1237,0,0,0,RECOLETA,SANTIAGO,131,13127
11150,,11150,METROPOLITANA DE SANTIAGO,13,31,2552,1342,1210,2552,1342,1210,0,0,0,RECOLETA,SANTIAGO,131,13127
11151,,11151,METROPOLITANA DE SANTIAGO,13,32,2459,1307,1152,2459,1307,1152,0,0,0,RECOLETA,SANTIAGO,131,13127
11152,,11152,METROPOLITANA DE SANTIAGO,13,33,2318,1197,1121,2318,1197,1121,0,0,0,RECOLETA,SANTIAGO,131,13127
11153,,11153,METROPOLITANA DE SANTIAGO,13,34,2458,1243,1215,2458,1243,1215,0,0,0,RECOLETA,SANTIAGO,131,13127
11154,,11154,METROPOLITANA DE SANTIAGO,13,35,2581,1360,1221,2581,1360,1221,0,0,0,RECOLETA,SANTIAGO,131,13127
11155,,11155,METROPOLITANA DE SANTIAGO,13,36,2304,1200,1104,2304,1200,1104,0,0,0,RECOLETA,SANTIAGO,131,13127
11156,,11156,METROPOLITANA DE SANTIAGO,13,37,2277,1168,1109,2277,1168,1109,0,0,0,RECOLETA,SANTIAGO,131,13127
11157,,11157,METROPOLITANA DE SANTIAGO,13,38,2169,1122,1047,2169,1122,1047,0,0,0,RECOLETA,SANTIAGO,131,13127
11158,,11158,METROPOLITANA DE SANTIAGO,13,39,2062,1014,1048,2062,1014,1048,0,0,0,RECOLETA,SANTIAGO,131,13127
11159,,11159,METROPOLITANA DE SANTIAGO,13,40,2160,1077,1083,2160,1077,1083,0,0,0,RECOLETA,SANTIAGO,131,13127
11160,,11160,METROPOLITANA DE SANTIAGO,13,41,2120,1101,1019,2120,1101,1019,0,0,0,RECOLETA,SANTIAGO,131,13127
11161,,11161,METROPOLITANA DE SANTIAGO,13,42,2279,1171,1108,2279,1171,1108,0,0,0,RECOLETA,SANTIAGO,131,13127
11162,,11162,METROPOLITANA DE SANTIAGO,13,43,2228,1114,1114,2228,1114,1114,0,0,0,RECOLETA,SANTIAGO,131,13127
11163,,11163,METROPOLITANA DE SANTIAGO,13,44,2200,1078,1122,2200,1078,1122,0,0,0,RECOLETA,SANTIAGO,131,13127
11164,,11164,METROPOLITANA DE SANTIAGO,13,45,2107,1034,1073,2107,1034,1073,0,0,0,RECOLETA,SANTIAGO,131,13127
11165,,11165,METROPOLITANA DE SANTIAGO,13,46,1969,939,1030,1969,939,1030,0,0,0,RECOLETA,SANTIAGO,131,13127
11166,,11166,METROPOLITANA DE SANTIAGO,13,47,1950,945,1005,1950,945,1005,0,0,0,RECOLETA,SANTIAGO,131,13127
11167,,11167,METROPOLITANA DE SANTIAGO,13,48,2040,1046,994,2040,1046,994,0,0,0,RECOLETA,SANTIAGO,131,13127
11168,,11168,METROPOLITANA DE SANTIAGO,13,49,2046,1048,998,2046,1048,998,0,0,0,RECOLETA,SANTIAGO,131,13127
11169,,11169,METROPOLITANA DE SANTIAGO,13,50,1943,979,964,1943,979,964,0,0,0,RECOLETA,SANTIAGO,131,13127
11170,,11170,METROPOLITANA DE SANTIAGO,13,51,1993,991,1002,1993,991,1002,0,0,0,RECOLETA,SANTIAGO,131,13127
11171,,11171,METROPOLITANA DE SANTIAGO,13,52,2108,1005,1103,2108,1005,1103,0,0,0,RECOLETA,SANTIAGO,131,13127
11172,,11172,METROPOLITANA DE SANTIAGO,13,53,2028,976,1052,2028,976,1052,0,0,0,RECOLETA,SANTIAGO,131,13127
11173,,11173,METROPOLITANA DE SANTIAGO,13,54,1954,913,1041,1954,913,1041,0,0,0,RECOLETA,SANTIAGO,131,13127
11174,,11174,METROPOLITANA DE SANTIAGO,13,55,1901,884,1017,1901,884,1017,0,0,0,RECOLETA,SANTIAGO,131,13127
11175,,11175,METROPOLITANA DE SANTIAGO,13,56,1864,886,978,1864,886,978,0,0,0,RECOLETA,SANTIAGO,131,13127
11176,,11176,METROPOLITANA DE SANTIAGO,13,57,1735,788,947,1735,788,947,0,0,0,RECOLETA,SANTIAGO,131,13127
11177,,11177,METROPOLITANA DE SANTIAGO,13,58,1736,843,893,1736,843,893,0,0,0,RECOLETA,SANTIAGO,131,13127
11178,,11178,METROPOLITANA DE SANTIAGO,13,59,1708,810,898,1708,810,898,0,0,0,RECOLETA,SANTIAGO,131,13127
11179,,11179,METROPOLITANA DE SANTIAGO,13,60,1714,795,919,1714,795,919,0,0,0,RECOLETA,SANTIAGO,131,13127
11180,,11180,METROPOLITANA DE SANTIAGO,13,61,1526,711,815,1526,711,815,0,0,0,RECOLETA,SANTIAGO,131,13127
11181,,11181,METROPOLITANA DE SANTIAGO,13,62,1420,658,762,1420,658,762,0,0,0,RECOLETA,SANTIAGO,131,13127
11182,,11182,METROPOLITANA DE SANTIAGO,13,63,1505,708,797,1505,708,797,0,0,0,RECOLETA,SANTIAGO,131,13127
11183,,11183,METROPOLITANA DE SANTIAGO,13,64,1417,679,738,1417,679,738,0,0,0,RECOLETA,SANTIAGO,131,13127
11184,,11184,METROPOLITANA DE SANTIAGO,13,65,1370,587,783,1370,587,783,0,0,0,RECOLETA,SANTIAGO,131,13127
11185,,11185,METROPOLITANA DE SANTIAGO,13,66,1274,574,700,1274,574,700,0,0,0,RECOLETA,SANTIAGO,131,13127
11186,,11186,METROPOLITANA DE SANTIAGO,13,67,1286,597,689,1286,597,689,0,0,0,RECOLETA,SANTIAGO,131,13127
11187,,11187,METROPOLITANA DE SANTIAGO,13,68,1235,542,693,1235,542,693,0,0,0,RECOLETA,SANTIAGO,131,13127
11188,,11188,METROPOLITANA DE SANTIAGO,13,69,1124,505,619,1124,505,619,0,0,0,RECOLETA,SANTIAGO,131,13127
11189,,11189,METROPOLITANA DE SANTIAGO,13,70,1163,520,643,1163,520,643,0,0,0,RECOLETA,SANTIAGO,131,13127
11190,,11190,METROPOLITANA DE SANTIAGO,13,71,1102,493,609,1102,493,609,0,0,0,RECOLETA,SANTIAGO,131,13127
11191,,11191,METROPOLITANA DE SANTIAGO,13,72,985,445,540,985,445,540,0,0,0,RECOLETA,SANTIAGO,131,13127
11192,,11192,METROPOLITANA DE SANTIAGO,13,73,989,427,562,989,427,562,0,0,0,RECOLETA,SANTIAGO,131,13127
11193,,11193,METROPOLITANA DE SANTIAGO,13,74,902,372,530,902,372,530,0,0,0,RECOLETA,SANTIAGO,131,13127
11194,,11194,METROPOLITANA DE SANTIAGO,13,75,877,369,508,877,369,508,0,0,0,RECOLETA,SANTIAGO,131,13127
11195,,11195,METROPOLITANA DE SANTIAGO,13,76,815,321,494,815,321,494,0,0,0,RECOLETA,SANTIAGO,131,13127
11196,,11196,METROPOLITANA DE SANTIAGO,13,77,755,295,460,755,295,460,0,0,0,RECOLETA,SANTIAGO,131,13127
11197,,11197,METROPOLITANA DE SANTIAGO,13,78,664,268,396,664,268,396,0,0,0,RECOLETA,SANTIAGO,131,13127
11198,,11198,METROPOLITANA DE SANTIAGO,13,79,611,219,392,611,219,392,0,0,0,RECOLETA,SANTIAGO,131,13127
11199,,11199,METROPOLITANA DE SANTIAGO,13,80,553,204,349,553,204,349,0,0,0,RECOLETA,SANTIAGO,131,13127
11200,,11200,METROPOLITANA DE SANTIAGO,13,81,464,181,283,464,181,283,0,0,0,RECOLETA,SANTIAGO,131,13127
11201,,11201,METROPOLITANA DE SANTIAGO,13,82,439,145,294,439,145,294,0,0,0,RECOLETA,SANTIAGO,131,13127
11202,,11202,METROPOLITANA DE SANTIAGO,13,83,405,130,275,405,130,275,0,0,0,RECOLETA,SANTIAGO,131,13127
11203,,11203,METROPOLITANA DE SANTIAGO,13,84,458,159,299,458,159,299,0,0,0,RECOLETA,SANTIAGO,131,13127
11204,,11204,METROPOLITANA DE SANTIAGO,13,85,369,101,268,369,101,268,0,0,0,RECOLETA,SANTIAGO,131,13127
11205,,11205,METROPOLITANA DE SANTIAGO,13,86,363,117,246,363,117,246,0,0,0,RECOLETA,SANTIAGO,131,13127
11206,,11206,METROPOLITANA DE SANTIAGO,13,87,316,93,223,316,93,223,0,0,0,RECOLETA,SANTIAGO,131,13127
11207,,11207,METROPOLITANA DE SANTIAGO,13,88,281,84,197,281,84,197,0,0,0,RECOLETA,SANTIAGO,131,13127
11208,,11208,METROPOLITANA DE SANTIAGO,13,89,248,62,186,248,62,186,0,0,0,RECOLETA,SANTIAGO,131,13127
11209,,11209,METROPOLITANA DE SANTIAGO,13,90,174,39,135,174,39,135,0,0,0,RECOLETA,SANTIAGO,131,13127
11210,,11210,METROPOLITANA DE SANTIAGO,13,91,113,23,90,113,23,90,0,0,0,RECOLETA,SANTIAGO,131,13127
11211,,11211,METROPOLITANA DE SANTIAGO,13,92,127,40,87,127,40,87,0,0,0,RECOLETA,SANTIAGO,131,13127
11212,,11212,METROPOLITANA DE SANTIAGO,13,93,80,25,55,80,25,55,0,0,0,RECOLETA,SANTIAGO,131,13127
11213,,11213,METROPOLITANA DE SANTIAGO,13,94,68,18,50,68,18,50,0,0,0,RECOLETA,SANTIAGO,131,13127
11214,,11214,METROPOLITANA DE SANTIAGO,13,95,41,9,32,41,9,32,0,0,0,RECOLETA,SANTIAGO,131,13127
11215,,11215,METROPOLITANA DE SANTIAGO,13,96,53,9,44,53,9,44,0,0,0,RECOLETA,SANTIAGO,131,13127
11216,,11216,METROPOLITANA DE SANTIAGO,13,97,25,3,22,25,3,22,0,0,0,RECOLETA,SANTIAGO,131,13127
11217,,11217,METROPOLITANA DE SANTIAGO,13,98,19,7,12,19,7,12,0,0,0,RECOLETA,SANTIAGO,131,13127
11218,,11218,METROPOLITANA DE SANTIAGO,13,99,18,7,11,18,7,11,0,0,0,RECOLETA,SANTIAGO,131,13127
11219,,11219,METROPOLITANA DE SANTIAGO,13,100 o más,49,13,36,49,13,36,0,0,0,RECOLETA,SANTIAGO,131,13127
11220,,11220,METROPOLITANA DE SANTIAGO,13,Total Comuna,147151,72681,74470,147151,72681,74470,0,0,0,RENCA,SANTIAGO,131,13128
11221,,11221,METROPOLITANA DE SANTIAGO,13,0,1989,1031,958,1989,1031,958,0,0,0,RENCA,SANTIAGO,131,13128
11222,,11222,METROPOLITANA DE SANTIAGO,13,1,2203,1161,1042,2203,1161,1042,0,0,0,RENCA,SANTIAGO,131,13128
11223,,11223,METROPOLITANA DE SANTIAGO,13,2,2260,1156,1104,2260,1156,1104,0,0,0,RENCA,SANTIAGO,131,13128
11224,,11224,METROPOLITANA DE SANTIAGO,13,3,2164,1099,1065,2164,1099,1065,0,0,0,RENCA,SANTIAGO,131,13128
11225,,11225,METROPOLITANA DE SANTIAGO,13,4,2221,1099,1122,2221,1099,1122,0,0,0,RENCA,SANTIAGO,131,13128
11226,,11226,METROPOLITANA DE SANTIAGO,13,5,2276,1151,1125,2276,1151,1125,0,0,0,RENCA,SANTIAGO,131,13128
11227,,11227,METROPOLITANA DE SANTIAGO,13,6,2259,1206,1053,2259,1206,1053,0,0,0,RENCA,SANTIAGO,131,13128
11228,,11228,METROPOLITANA DE SANTIAGO,13,7,2257,1183,1074,2257,1183,1074,0,0,0,RENCA,SANTIAGO,131,13128
11229,,11229,METROPOLITANA DE SANTIAGO,13,8,2255,1161,1094,2255,1161,1094,0,0,0,RENCA,SANTIAGO,131,13128
11230,,11230,METROPOLITANA DE SANTIAGO,13,9,2156,1127,1029,2156,1127,1029,0,0,0,RENCA,SANTIAGO,131,13128
11231,,11231,METROPOLITANA DE SANTIAGO,13,10,2152,1120,1032,2152,1120,1032,0,0,0,RENCA,SANTIAGO,131,13128
11232,,11232,METROPOLITANA DE SANTIAGO,13,11,1999,1037,962,1999,1037,962,0,0,0,RENCA,SANTIAGO,131,13128
11233,,11233,METROPOLITANA DE SANTIAGO,13,12,1975,1048,927,1975,1048,927,0,0,0,RENCA,SANTIAGO,131,13128
11234,,11234,METROPOLITANA DE SANTIAGO,13,13,1907,947,960,1907,947,960,0,0,0,RENCA,SANTIAGO,131,13128
11235,,11235,METROPOLITANA DE SANTIAGO,13,14,2123,1042,1081,2123,1042,1081,0,0,0,RENCA,SANTIAGO,131,13128
11236,,11236,METROPOLITANA DE SANTIAGO,13,15,2203,1133,1070,2203,1133,1070,0,0,0,RENCA,SANTIAGO,131,13128
11237,,11237,METROPOLITANA DE SANTIAGO,13,16,2214,1095,1119,2214,1095,1119,0,0,0,RENCA,SANTIAGO,131,13128
11238,,11238,METROPOLITANA DE SANTIAGO,13,17,2222,1145,1077,2222,1145,1077,0,0,0,RENCA,SANTIAGO,131,13128
11239,,11239,METROPOLITANA DE SANTIAGO,13,18,2228,1126,1102,2228,1126,1102,0,0,0,RENCA,SANTIAGO,131,13128
11240,,11240,METROPOLITANA DE SANTIAGO,13,19,2261,1173,1088,2261,1173,1088,0,0,0,RENCA,SANTIAGO,131,13128
11241,,11241,METROPOLITANA DE SANTIAGO,13,20,2315,1184,1131,2315,1184,1131,0,0,0,RENCA,SANTIAGO,131,13128
11242,,11242,METROPOLITANA DE SANTIAGO,13,21,2504,1313,1191,2504,1313,1191,0,0,0,RENCA,SANTIAGO,131,13128
11243,,11243,METROPOLITANA DE SANTIAGO,13,22,2504,1252,1252,2504,1252,1252,0,0,0,RENCA,SANTIAGO,131,13128
11244,,11244,METROPOLITANA DE SANTIAGO,13,23,2507,1278,1229,2507,1278,1229,0,0,0,RENCA,SANTIAGO,131,13128
11245,,11245,METROPOLITANA DE SANTIAGO,13,24,2443,1233,1210,2443,1233,1210,0,0,0,RENCA,SANTIAGO,131,13128
11246,,11246,METROPOLITANA DE SANTIAGO,13,25,2374,1255,1119,2374,1255,1119,0,0,0,RENCA,SANTIAGO,131,13128
11247,,11247,METROPOLITANA DE SANTIAGO,13,26,2510,1312,1198,2510,1312,1198,0,0,0,RENCA,SANTIAGO,131,13128
11248,,11248,METROPOLITANA DE SANTIAGO,13,27,2478,1280,1198,2478,1280,1198,0,0,0,RENCA,SANTIAGO,131,13128
11249,,11249,METROPOLITANA DE SANTIAGO,13,28,2394,1200,1194,2394,1200,1194,0,0,0,RENCA,SANTIAGO,131,13128
11250,,11250,METROPOLITANA DE SANTIAGO,13,29,2348,1180,1168,2348,1180,1168,0,0,0,RENCA,SANTIAGO,131,13128
11251,,11251,METROPOLITANA DE SANTIAGO,13,30,2164,1131,1033,2164,1131,1033,0,0,0,RENCA,SANTIAGO,131,13128
11252,,11252,METROPOLITANA DE SANTIAGO,13,31,2073,1030,1043,2073,1030,1043,0,0,0,RENCA,SANTIAGO,131,13128
11253,,11253,METROPOLITANA DE SANTIAGO,13,32,2083,1036,1047,2083,1036,1047,0,0,0,RENCA,SANTIAGO,131,13128
11254,,11254,METROPOLITANA DE SANTIAGO,13,33,2024,1028,996,2024,1028,996,0,0,0,RENCA,SANTIAGO,131,13128
11255,,11255,METROPOLITANA DE SANTIAGO,13,34,2193,1103,1090,2193,1103,1090,0,0,0,RENCA,SANTIAGO,131,13128
11256,,11256,METROPOLITANA DE SANTIAGO,13,35,2226,1120,1106,2226,1120,1106,0,0,0,RENCA,SANTIAGO,131,13128
11257,,11257,METROPOLITANA DE SANTIAGO,13,36,2190,1069,1121,2190,1069,1121,0,0,0,RENCA,SANTIAGO,131,13128
11258,,11258,METROPOLITANA DE SANTIAGO,13,37,2123,1072,1051,2123,1072,1051,0,0,0,RENCA,SANTIAGO,131,13128
11259,,11259,METROPOLITANA DE SANTIAGO,13,38,1962,1001,961,1962,1001,961,0,0,0,RENCA,SANTIAGO,131,13128
11260,,11260,METROPOLITANA DE SANTIAGO,13,39,1947,930,1017,1947,930,1017,0,0,0,RENCA,SANTIAGO,131,13128
11261,,11261,METROPOLITANA DE SANTIAGO,13,40,2000,997,1003,2000,997,1003,0,0,0,RENCA,SANTIAGO,131,13128
11262,,11262,METROPOLITANA DE SANTIAGO,13,41,2046,1032,1014,2046,1032,1014,0,0,0,RENCA,SANTIAGO,131,13128
11263,,11263,METROPOLITANA DE SANTIAGO,13,42,2104,1045,1059,2104,1045,1059,0,0,0,RENCA,SANTIAGO,131,13128
11264,,11264,METROPOLITANA DE SANTIAGO,13,43,2183,1093,1090,2183,1093,1090,0,0,0,RENCA,SANTIAGO,131,13128
11265,,11265,METROPOLITANA DE SANTIAGO,13,44,2190,1095,1095,2190,1095,1095,0,0,0,RENCA,SANTIAGO,131,13128
11266,,11266,METROPOLITANA DE SANTIAGO,13,45,2042,1016,1026,2042,1016,1026,0,0,0,RENCA,SANTIAGO,131,13128
11267,,11267,METROPOLITANA DE SANTIAGO,13,46,1967,953,1014,1967,953,1014,0,0,0,RENCA,SANTIAGO,131,13128
11268,,11268,METROPOLITANA DE SANTIAGO,13,47,1800,908,892,1800,908,892,0,0,0,RENCA,SANTIAGO,131,13128
11269,,11269,METROPOLITANA DE SANTIAGO,13,48,1820,879,941,1820,879,941,0,0,0,RENCA,SANTIAGO,131,13128
11270,,11270,METROPOLITANA DE SANTIAGO,13,49,1787,945,842,1787,945,842,0,0,0,RENCA,SANTIAGO,131,13128
11271,,11271,METROPOLITANA DE SANTIAGO,13,50,1838,846,992,1838,846,992,0,0,0,RENCA,SANTIAGO,131,13128
11272,,11272,METROPOLITANA DE SANTIAGO,13,51,1730,855,875,1730,855,875,0,0,0,RENCA,SANTIAGO,131,13128
11273,,11273,METROPOLITANA DE SANTIAGO,13,52,1893,932,961,1893,932,961,0,0,0,RENCA,SANTIAGO,131,13128
11274,,11274,METROPOLITANA DE SANTIAGO,13,53,1729,818,911,1729,818,911,0,0,0,RENCA,SANTIAGO,131,13128
11275,,11275,METROPOLITANA DE SANTIAGO,13,54,1883,942,941,1883,942,941,0,0,0,RENCA,SANTIAGO,131,13128
11276,,11276,METROPOLITANA DE SANTIAGO,13,55,1688,817,871,1688,817,871,0,0,0,RENCA,SANTIAGO,131,13128
11277,,11277,METROPOLITANA DE SANTIAGO,13,56,1651,781,870,1651,781,870,0,0,0,RENCA,SANTIAGO,131,13128
11278,,11278,METROPOLITANA DE SANTIAGO,13,57,1591,727,864,1591,727,864,0,0,0,RENCA,SANTIAGO,131,13128
11279,,11279,METROPOLITANA DE SANTIAGO,13,58,1613,721,892,1613,721,892,0,0,0,RENCA,SANTIAGO,131,13128
11280,,11280,METROPOLITANA DE SANTIAGO,13,59,1461,706,755,1461,706,755,0,0,0,RENCA,SANTIAGO,131,13128
11281,,11281,METROPOLITANA DE SANTIAGO,13,60,1479,696,783,1479,696,783,0,0,0,RENCA,SANTIAGO,131,13128
11282,,11282,METROPOLITANA DE SANTIAGO,13,61,1351,599,752,1351,599,752,0,0,0,RENCA,SANTIAGO,131,13128
11283,,11283,METROPOLITANA DE SANTIAGO,13,62,1308,586,722,1308,586,722,0,0,0,RENCA,SANTIAGO,131,13128
11284,,11284,METROPOLITANA DE SANTIAGO,13,63,1288,606,682,1288,606,682,0,0,0,RENCA,SANTIAGO,131,13128
11285,,11285,METROPOLITANA DE SANTIAGO,13,64,1287,603,684,1287,603,684,0,0,0,RENCA,SANTIAGO,131,13128
11286,,11286,METROPOLITANA DE SANTIAGO,13,65,1183,538,645,1183,538,645,0,0,0,RENCA,SANTIAGO,131,13128
11287,,11287,METROPOLITANA DE SANTIAGO,13,66,1078,471,607,1078,471,607,0,0,0,RENCA,SANTIAGO,131,13128
11288,,11288,METROPOLITANA DE SANTIAGO,13,67,1022,472,550,1022,472,550,0,0,0,RENCA,SANTIAGO,131,13128
11289,,11289,METROPOLITANA DE SANTIAGO,13,68,984,448,536,984,448,536,0,0,0,RENCA,SANTIAGO,131,13128
11290,,11290,METROPOLITANA DE SANTIAGO,13,69,997,449,548,997,449,548,0,0,0,RENCA,SANTIAGO,131,13128
11291,,11291,METROPOLITANA DE SANTIAGO,13,70,896,408,488,896,408,488,0,0,0,RENCA,SANTIAGO,131,13128
11292,,11292,METROPOLITANA DE SANTIAGO,13,71,904,413,491,904,413,491,0,0,0,RENCA,SANTIAGO,131,13128
11293,,11293,METROPOLITANA DE SANTIAGO,13,72,800,375,425,800,375,425,0,0,0,RENCA,SANTIAGO,131,13128
11294,,11294,METROPOLITANA DE SANTIAGO,13,73,747,312,435,747,312,435,0,0,0,RENCA,SANTIAGO,131,13128
11295,,11295,METROPOLITANA DE SANTIAGO,13,74,718,314,404,718,314,404,0,0,0,RENCA,SANTIAGO,131,13128
11296,,11296,METROPOLITANA DE SANTIAGO,13,75,627,241,386,627,241,386,0,0,0,RENCA,SANTIAGO,131,13128
11297,,11297,METROPOLITANA DE SANTIAGO,13,76,578,231,347,578,231,347,0,0,0,RENCA,SANTIAGO,131,13128
11298,,11298,METROPOLITANA DE SANTIAGO,13,77,511,225,286,511,225,286,0,0,0,RENCA,SANTIAGO,131,13128
11299,,11299,METROPOLITANA DE SANTIAGO,13,78,455,182,273,455,182,273,0,0,0,RENCA,SANTIAGO,131,13128
11300,,11300,METROPOLITANA DE SANTIAGO,13,79,376,157,219,376,157,219,0,0,0,RENCA,SANTIAGO,131,13128
11301,,11301,METROPOLITANA DE SANTIAGO,13,80,376,167,209,376,167,209,0,0,0,RENCA,SANTIAGO,131,13128
11302,,11302,METROPOLITANA DE SANTIAGO,13,81,309,102,207,309,102,207,0,0,0,RENCA,SANTIAGO,131,13128
11303,,11303,METROPOLITANA DE SANTIAGO,13,82,276,111,165,276,111,165,0,0,0,RENCA,SANTIAGO,131,13128
11304,,11304,METROPOLITANA DE SANTIAGO,13,83,264,103,161,264,103,161,0,0,0,RENCA,SANTIAGO,131,13128
11305,,11305,METROPOLITANA DE SANTIAGO,13,84,265,87,178,265,87,178,0,0,0,RENCA,SANTIAGO,131,13128
11306,,11306,METROPOLITANA DE SANTIAGO,13,85,225,87,138,225,87,138,0,0,0,RENCA,SANTIAGO,131,13128
11307,,11307,METROPOLITANA DE SANTIAGO,13,86,231,60,171,231,60,171,0,0,0,RENCA,SANTIAGO,131,13128
11308,,11308,METROPOLITANA DE SANTIAGO,13,87,192,69,123,192,69,123,0,0,0,RENCA,SANTIAGO,131,13128
11309,,11309,METROPOLITANA DE SANTIAGO,13,88,148,53,95,148,53,95,0,0,0,RENCA,SANTIAGO,131,13128
11310,,11310,METROPOLITANA DE SANTIAGO,13,89,123,34,89,123,34,89,0,0,0,RENCA,SANTIAGO,131,13128
11311,,11311,METROPOLITANA DE SANTIAGO,13,90,98,39,59,98,39,59,0,0,0,RENCA,SANTIAGO,131,13128
11312,,11312,METROPOLITANA DE SANTIAGO,13,91,79,14,65,79,14,65,0,0,0,RENCA,SANTIAGO,131,13128
11313,,11313,METROPOLITANA DE SANTIAGO,13,92,56,12,44,56,12,44,0,0,0,RENCA,SANTIAGO,131,13128
11314,,11314,METROPOLITANA DE SANTIAGO,13,93,56,14,42,56,14,42,0,0,0,RENCA,SANTIAGO,131,13128
11315,,11315,METROPOLITANA DE SANTIAGO,13,94,47,16,31,47,16,31,0,0,0,RENCA,SANTIAGO,131,13128
11316,,11316,METROPOLITANA DE SANTIAGO,13,95,16,3,13,16,3,13,0,0,0,RENCA,SANTIAGO,131,13128
11317,,11317,METROPOLITANA DE SANTIAGO,13,96,21,4,17,21,4,17,0,0,0,RENCA,SANTIAGO,131,13128
11318,,11318,METROPOLITANA DE SANTIAGO,13,97,16,4,12,16,4,12,0,0,0,RENCA,SANTIAGO,131,13128
11319,,11319,METROPOLITANA DE SANTIAGO,13,98,10,3,7,10,3,7,0,0,0,RENCA,SANTIAGO,131,13128
11320,,11320,METROPOLITANA DE SANTIAGO,13,99,8,4,4,8,4,4,0,0,0,RENCA,SANTIAGO,131,13128
11321,,11321,METROPOLITANA DE SANTIAGO,13,100 o más,44,14,30,44,14,30,0,0,0,RENCA,SANTIAGO,131,13128
11322,,11322,METROPOLITANA DE SANTIAGO,13,Total Comuna,94492,45831,48661,94492,45831,48661,0,0,0,SAN JOAQUÍN,SANTIAGO,131,13129
11323,,11323,METROPOLITANA DE SANTIAGO,13,0,985,534,451,985,534,451,0,0,0,SAN JOAQUÍN,SANTIAGO,131,13129
11324,,11324,METROPOLITANA DE SANTIAGO,13,1,1134,574,560,1134,574,560,0,0,0,SAN JOAQUÍN,SANTIAGO,131,13129
11325,,11325,METROPOLITANA DE SANTIAGO,13,2,1198,620,578,1198,620,578,0,0,0,SAN JOAQUÍN,SANTIAGO,131,13129
11326,,11326,METROPOLITANA DE SANTIAGO,13,3,1141,583,558,1141,583,558,0,0,0,SAN JOAQUÍN,SANTIAGO,131,13129
11327,,11327,METROPOLITANA DE SANTIAGO,13,4,1136,592,544,1136,592,544,0,0,0,SAN JOAQUÍN,SANTIAGO,131,13129
11328,,11328,METROPOLITANA DE SANTIAGO,13,5,1056,531,525,1056,531,525,0,0,0,SAN JOAQUÍN,SANTIAGO,131,13129
11329,,11329,METROPOLITANA DE SANTIAGO,13,6,1106,542,564,1106,542,564,0,0,0,SAN JOAQUÍN,SANTIAGO,131,13129
11330,,11330,METROPOLITANA DE SANTIAGO,13,7,1147,606,541,1147,606,541,0,0,0,SAN JOAQUÍN,SANTIAGO,131,13129
11331,,11331,METROPOLITANA DE SANTIAGO,13,8,1127,596,531,1127,596,531,0,0,0,SAN JOAQUÍN,SANTIAGO,131,13129
11332,,11332,METROPOLITANA DE SANTIAGO,13,9,1057,529,528,1057,529,528,0,0,0,SAN JOAQUÍN,SANTIAGO,131,13129
11333,,11333,METROPOLITANA DE SANTIAGO,13,10,1039,541,498,1039,541,498,0,0,0,SAN JOAQUÍN,SANTIAGO,131,13129
11334,,11334,METROPOLITANA DE SANTIAGO,13,11,1032,520,512,1032,520,512,0,0,0,SAN JOAQUÍN,SANTIAGO,131,13129
11335,,11335,METROPOLITANA DE SANTIAGO,13,12,980,515,465,980,515,465,0,0,0,SAN JOAQUÍN,SANTIAGO,131,13129
11336,,11336,METROPOLITANA DE SANTIAGO,13,13,1020,525,495,1020,525,495,0,0,0,SAN JOAQUÍN,SANTIAGO,131,13129
11337,,11337,METROPOLITANA DE SANTIAGO,13,14,1120,585,535,1120,585,535,0,0,0,SAN JOAQUÍN,SANTIAGO,131,13129
11338,,11338,METROPOLITANA DE SANTIAGO,13,15,1139,581,558,1139,581,558,0,0,0,SAN JOAQUÍN,SANTIAGO,131,13129
11339,,11339,METROPOLITANA DE SANTIAGO,13,16,1201,634,567,1201,634,567,0,0,0,SAN JOAQUÍN,SANTIAGO,131,13129
11340,,11340,METROPOLITANA DE SANTIAGO,13,17,1246,682,564,1246,682,564,0,0,0,SAN JOAQUÍN,SANTIAGO,131,13129
11341,,11341,METROPOLITANA DE SANTIAGO,13,18,1310,694,616,1310,694,616,0,0,0,SAN JOAQUÍN,SANTIAGO,131,13129
11342,,11342,METROPOLITANA DE SANTIAGO,13,19,1372,721,651,1372,721,651,0,0,0,SAN JOAQUÍN,SANTIAGO,131,13129
11343,,11343,METROPOLITANA DE SANTIAGO,13,20,1496,739,757,1496,739,757,0,0,0,SAN JOAQUÍN,SANTIAGO,131,13129
11344,,11344,METROPOLITANA DE SANTIAGO,13,21,1438,757,681,1438,757,681,0,0,0,SAN JOAQUÍN,SANTIAGO,131,13129
11345,,11345,METROPOLITANA DE SANTIAGO,13,22,1612,809,803,1612,809,803,0,0,0,SAN JOAQUÍN,SANTIAGO,131,13129
11346,,11346,METROPOLITANA DE SANTIAGO,13,23,1589,811,778,1589,811,778,0,0,0,SAN JOAQUÍN,SANTIAGO,131,13129
11347,,11347,METROPOLITANA DE SANTIAGO,13,24,1728,816,912,1728,816,912,0,0,0,SAN JOAQUÍN,SANTIAGO,131,13129
11348,,11348,METROPOLITANA DE SANTIAGO,13,25,1735,929,806,1735,929,806,0,0,0,SAN JOAQUÍN,SANTIAGO,131,13129
11349,,11349,METROPOLITANA DE SANTIAGO,13,26,1724,855,869,1724,855,869,0,0,0,SAN JOAQUÍN,SANTIAGO,131,13129
11350,,11350,METROPOLITANA DE SANTIAGO,13,27,1704,868,836,1704,868,836,0,0,0,SAN JOAQUÍN,SANTIAGO,131,13129
11351,,11351,METROPOLITANA DE SANTIAGO,13,28,1623,816,807,1623,816,807,0,0,0,SAN JOAQUÍN,SANTIAGO,131,13129
11352,,11352,METROPOLITANA DE SANTIAGO,13,29,1554,776,778,1554,776,778,0,0,0,SAN JOAQUÍN,SANTIAGO,131,13129
11353,,11353,METROPOLITANA DE SANTIAGO,13,30,1463,734,729,1463,734,729,0,0,0,SAN JOAQUÍN,SANTIAGO,131,13129
11354,,11354,METROPOLITANA DE SANTIAGO,13,31,1344,696,648,1344,696,648,0,0,0,SAN JOAQUÍN,SANTIAGO,131,13129
11355,,11355,METROPOLITANA DE SANTIAGO,13,32,1320,680,640,1320,680,640,0,0,0,SAN JOAQUÍN,SANTIAGO,131,13129
11356,,11356,METROPOLITANA DE SANTIAGO,13,33,1313,666,647,1313,666,647,0,0,0,SAN JOAQUÍN,SANTIAGO,131,13129
11357,,11357,METROPOLITANA DE SANTIAGO,13,34,1338,680,658,1338,680,658,0,0,0,SAN JOAQUÍN,SANTIAGO,131,13129
11358,,11358,METROPOLITANA DE SANTIAGO,13,35,1344,693,651,1344,693,651,0,0,0,SAN JOAQUÍN,SANTIAGO,131,13129
11359,,11359,METROPOLITANA DE SANTIAGO,13,36,1217,631,586,1217,631,586,0,0,0,SAN JOAQUÍN,SANTIAGO,131,13129
11360,,11360,METROPOLITANA DE SANTIAGO,13,37,1187,590,597,1187,590,597,0,0,0,SAN JOAQUÍN,SANTIAGO,131,13129
11361,,11361,METROPOLITANA DE SANTIAGO,13,38,1066,546,520,1066,546,520,0,0,0,SAN JOAQUÍN,SANTIAGO,131,13129
11362,,11362,METROPOLITANA DE SANTIAGO,13,39,1022,496,526,1022,496,526,0,0,0,SAN JOAQUÍN,SANTIAGO,131,13129
11363,,11363,METROPOLITANA DE SANTIAGO,13,40,1053,504,549,1053,504,549,0,0,0,SAN JOAQUÍN,SANTIAGO,131,13129
11364,,11364,METROPOLITANA DE SANTIAGO,13,41,1115,542,573,1115,542,573,0,0,0,SAN JOAQUÍN,SANTIAGO,131,13129
11365,,11365,METROPOLITANA DE SANTIAGO,13,42,1154,586,568,1154,586,568,0,0,0,SAN JOAQUÍN,SANTIAGO,131,13129
11366,,11366,METROPOLITANA DE SANTIAGO,13,43,1168,589,579,1168,589,579,0,0,0,SAN JOAQUÍN,SANTIAGO,131,13129
11367,,11367,METROPOLITANA DE SANTIAGO,13,44,1128,526,602,1128,526,602,0,0,0,SAN JOAQUÍN,SANTIAGO,131,13129
11368,,11368,METROPOLITANA DE SANTIAGO,13,45,1208,586,622,1208,586,622,0,0,0,SAN JOAQUÍN,SANTIAGO,131,13129
11369,,11369,METROPOLITANA DE SANTIAGO,13,46,1179,549,630,1179,549,630,0,0,0,SAN JOAQUÍN,SANTIAGO,131,13129
11370,,11370,METROPOLITANA DE SANTIAGO,13,47,1189,596,593,1189,596,593,0,0,0,SAN JOAQUÍN,SANTIAGO,131,13129
11371,,11371,METROPOLITANA DE SANTIAGO,13,48,1150,582,568,1150,582,568,0,0,0,SAN JOAQUÍN,SANTIAGO,131,13129
11372,,11372,METROPOLITANA DE SANTIAGO,13,49,1202,554,648,1202,554,648,0,0,0,SAN JOAQUÍN,SANTIAGO,131,13129
11373,,11373,METROPOLITANA DE SANTIAGO,13,50,1204,567,637,1204,567,637,0,0,0,SAN JOAQUÍN,SANTIAGO,131,13129
11374,,11374,METROPOLITANA DE SANTIAGO,13,51,1329,680,649,1329,680,649,0,0,0,SAN JOAQUÍN,SANTIAGO,131,13129
11375,,11375,METROPOLITANA DE SANTIAGO,13,52,1369,648,721,1369,648,721,0,0,0,SAN JOAQUÍN,SANTIAGO,131,13129
11376,,11376,METROPOLITANA DE SANTIAGO,13,53,1348,630,718,1348,630,718,0,0,0,SAN JOAQUÍN,SANTIAGO,131,13129
11377,,11377,METROPOLITANA DE SANTIAGO,13,54,1365,674,691,1365,674,691,0,0,0,SAN JOAQUÍN,SANTIAGO,131,13129
11378,,11378,METROPOLITANA DE SANTIAGO,13,55,1266,583,683,1266,583,683,0,0,0,SAN JOAQUÍN,SANTIAGO,131,13129
11379,,11379,METROPOLITANA DE SANTIAGO,13,56,1260,615,645,1260,615,645,0,0,0,SAN JOAQUÍN,SANTIAGO,131,13129
11380,,11380,METROPOLITANA DE SANTIAGO,13,57,1210,565,645,1210,565,645,0,0,0,SAN JOAQUÍN,SANTIAGO,131,13129
11381,,11381,METROPOLITANA DE SANTIAGO,13,58,1153,572,581,1153,572,581,0,0,0,SAN JOAQUÍN,SANTIAGO,131,13129
11382,,11382,METROPOLITANA DE SANTIAGO,13,59,1154,509,645,1154,509,645,0,0,0,SAN JOAQUÍN,SANTIAGO,131,13129
11383,,11383,METROPOLITANA DE SANTIAGO,13,60,1175,584,591,1175,584,591,0,0,0,SAN JOAQUÍN,SANTIAGO,131,13129
11384,,11384,METROPOLITANA DE SANTIAGO,13,61,1015,484,531,1015,484,531,0,0,0,SAN JOAQUÍN,SANTIAGO,131,13129
11385,,11385,METROPOLITANA DE SANTIAGO,13,62,954,421,533,954,421,533,0,0,0,SAN JOAQUÍN,SANTIAGO,131,13129
11386,,11386,METROPOLITANA DE SANTIAGO,13,63,948,411,537,948,411,537,0,0,0,SAN JOAQUÍN,SANTIAGO,131,13129
11387,,11387,METROPOLITANA DE SANTIAGO,13,64,847,363,484,847,363,484,0,0,0,SAN JOAQUÍN,SANTIAGO,131,13129
11388,,11388,METROPOLITANA DE SANTIAGO,13,65,836,375,461,836,375,461,0,0,0,SAN JOAQUÍN,SANTIAGO,131,13129
11389,,11389,METROPOLITANA DE SANTIAGO,13,66,805,369,436,805,369,436,0,0,0,SAN JOAQUÍN,SANTIAGO,131,13129
11390,,11390,METROPOLITANA DE SANTIAGO,13,67,840,354,486,840,354,486,0,0,0,SAN JOAQUÍN,SANTIAGO,131,13129
11391,,11391,METROPOLITANA DE SANTIAGO,13,68,791,351,440,791,351,440,0,0,0,SAN JOAQUÍN,SANTIAGO,131,13129
11392,,11392,METROPOLITANA DE SANTIAGO,13,69,811,364,447,811,364,447,0,0,0,SAN JOAQUÍN,SANTIAGO,131,13129
11393,,11393,METROPOLITANA DE SANTIAGO,13,70,781,334,447,781,334,447,0,0,0,SAN JOAQUÍN,SANTIAGO,131,13129
11394,,11394,METROPOLITANA DE SANTIAGO,13,71,749,328,421,749,328,421,0,0,0,SAN JOAQUÍN,SANTIAGO,131,13129
11395,,11395,METROPOLITANA DE SANTIAGO,13,72,692,286,406,692,286,406,0,0,0,SAN JOAQUÍN,SANTIAGO,131,13129
11396,,11396,METROPOLITANA DE SANTIAGO,13,73,681,312,369,681,312,369,0,0,0,SAN JOAQUÍN,SANTIAGO,131,13129
11397,,11397,METROPOLITANA DE SANTIAGO,13,74,663,287,376,663,287,376,0,0,0,SAN JOAQUÍN,SANTIAGO,131,13129
11398,,11398,METROPOLITANA DE SANTIAGO,13,75,613,235,378,613,235,378,0,0,0,SAN JOAQUÍN,SANTIAGO,131,13129
11399,,11399,METROPOLITANA DE SANTIAGO,13,76,601,249,352,601,249,352,0,0,0,SAN JOAQUÍN,SANTIAGO,131,13129
11400,,11400,METROPOLITANA DE SANTIAGO,13,77,503,192,311,503,192,311,0,0,0,SAN JOAQUÍN,SANTIAGO,131,13129
11401,,11401,METROPOLITANA DE SANTIAGO,13,78,456,174,282,456,174,282,0,0,0,SAN JOAQUÍN,SANTIAGO,131,13129
11402,,11402,METROPOLITANA DE SANTIAGO,13,79,451,187,264,451,187,264,0,0,0,SAN JOAQUÍN,SANTIAGO,131,13129
11403,,11403,METROPOLITANA DE SANTIAGO,13,80,413,156,257,413,156,257,0,0,0,SAN JOAQUÍN,SANTIAGO,131,13129
11404,,11404,METROPOLITANA DE SANTIAGO,13,81,378,129,249,378,129,249,0,0,0,SAN JOAQUÍN,SANTIAGO,131,13129
11405,,11405,METROPOLITANA DE SANTIAGO,13,82,366,151,215,366,151,215,0,0,0,SAN JOAQUÍN,SANTIAGO,131,13129
11406,,11406,METROPOLITANA DE SANTIAGO,13,83,319,113,206,319,113,206,0,0,0,SAN JOAQUÍN,SANTIAGO,131,13129
11407,,11407,METROPOLITANA DE SANTIAGO,13,84,322,117,205,322,117,205,0,0,0,SAN JOAQUÍN,SANTIAGO,131,13129
11408,,11408,METROPOLITANA DE SANTIAGO,13,85,304,89,215,304,89,215,0,0,0,SAN JOAQUÍN,SANTIAGO,131,13129
11409,,11409,METROPOLITANA DE SANTIAGO,13,86,315,103,212,315,103,212,0,0,0,SAN JOAQUÍN,SANTIAGO,131,13129
11410,,11410,METROPOLITANA DE SANTIAGO,13,87,283,73,210,283,73,210,0,0,0,SAN JOAQUÍN,SANTIAGO,131,13129
11411,,11411,METROPOLITANA DE SANTIAGO,13,88,221,69,152,221,69,152,0,0,0,SAN JOAQUÍN,SANTIAGO,131,13129
11412,,11412,METROPOLITANA DE SANTIAGO,13,89,191,59,132,191,59,132,0,0,0,SAN JOAQUÍN,SANTIAGO,131,13129
11413,,11413,METROPOLITANA DE SANTIAGO,13,90,131,33,98,131,33,98,0,0,0,SAN JOAQUÍN,SANTIAGO,131,13129
11414,,11414,METROPOLITANA DE SANTIAGO,13,91,96,25,71,96,25,71,0,0,0,SAN JOAQUÍN,SANTIAGO,131,13129
11415,,11415,METROPOLITANA DE SANTIAGO,13,92,93,30,63,93,30,63,0,0,0,SAN JOAQUÍN,SANTIAGO,131,13129
11416,,11416,METROPOLITANA DE SANTIAGO,13,93,84,26,58,84,26,58,0,0,0,SAN JOAQUÍN,SANTIAGO,131,13129
11417,,11417,METROPOLITANA DE SANTIAGO,13,94,39,12,27,39,12,27,0,0,0,SAN JOAQUÍN,SANTIAGO,131,13129
11418,,11418,METROPOLITANA DE SANTIAGO,13,95,45,11,34,45,11,34,0,0,0,SAN JOAQUÍN,SANTIAGO,131,13129
11419,,11419,METROPOLITANA DE SANTIAGO,13,96,26,4,22,26,4,22,0,0,0,SAN JOAQUÍN,SANTIAGO,131,13129
11420,,11420,METROPOLITANA DE SANTIAGO,13,97,28,5,23,28,5,23,0,0,0,SAN JOAQUÍN,SANTIAGO,131,13129
11421,,11421,METROPOLITANA DE SANTIAGO,13,98,12,1,11,12,1,11,0,0,0,SAN JOAQUÍN,SANTIAGO,131,13129
11422,,11422,METROPOLITANA DE SANTIAGO,13,99,14,5,9,14,5,9,0,0,0,SAN JOAQUÍN,SANTIAGO,131,13129
11423,,11423,METROPOLITANA DE SANTIAGO,13,100 o más,33,10,23,33,10,23,0,0,0,SAN JOAQUÍN,SANTIAGO,131,13129
11424,,11424,METROPOLITANA DE SANTIAGO,13,Total Comuna,107954,50738,57216,107954,50738,57216,0,0,0,SAN MIGUEL,SANTIAGO,131,13130
11425,,11425,METROPOLITANA DE SANTIAGO,13,0,1446,751,695,1446,751,695,0,0,0,SAN MIGUEL,SANTIAGO,131,13130
11426,,11426,METROPOLITANA DE SANTIAGO,13,1,1466,754,712,1466,754,712,0,0,0,SAN MIGUEL,SANTIAGO,131,13130
11427,,11427,METROPOLITANA DE SANTIAGO,13,2,1317,663,654,1317,663,654,0,0,0,SAN MIGUEL,SANTIAGO,131,13130
11428,,11428,METROPOLITANA DE SANTIAGO,13,3,1279,648,631,1279,648,631,0,0,0,SAN MIGUEL,SANTIAGO,131,13130
11429,,11429,METROPOLITANA DE SANTIAGO,13,4,1231,644,587,1231,644,587,0,0,0,SAN MIGUEL,SANTIAGO,131,13130
11430,,11430,METROPOLITANA DE SANTIAGO,13,5,1223,621,602,1223,621,602,0,0,0,SAN MIGUEL,SANTIAGO,131,13130
11431,,11431,METROPOLITANA DE SANTIAGO,13,6,1245,628,617,1245,628,617,0,0,0,SAN MIGUEL,SANTIAGO,131,13130
11432,,11432,METROPOLITANA DE SANTIAGO,13,7,1180,606,574,1180,606,574,0,0,0,SAN MIGUEL,SANTIAGO,131,13130
11433,,11433,METROPOLITANA DE SANTIAGO,13,8,1138,587,551,1138,587,551,0,0,0,SAN MIGUEL,SANTIAGO,131,13130
11434,,11434,METROPOLITANA DE SANTIAGO,13,9,1080,558,522,1080,558,522,0,0,0,SAN MIGUEL,SANTIAGO,131,13130
11435,,11435,METROPOLITANA DE SANTIAGO,13,10,1087,549,538,1087,549,538,0,0,0,SAN MIGUEL,SANTIAGO,131,13130
11436,,11436,METROPOLITANA DE SANTIAGO,13,11,1055,560,495,1055,560,495,0,0,0,SAN MIGUEL,SANTIAGO,131,13130
11437,,11437,METROPOLITANA DE SANTIAGO,13,12,1028,499,529,1028,499,529,0,0,0,SAN MIGUEL,SANTIAGO,131,13130
11438,,11438,METROPOLITANA DE SANTIAGO,13,13,1042,511,531,1042,511,531,0,0,0,SAN MIGUEL,SANTIAGO,131,13130
11439,,11439,METROPOLITANA DE SANTIAGO,13,14,1098,568,530,1098,568,530,0,0,0,SAN MIGUEL,SANTIAGO,131,13130
11440,,11440,METROPOLITANA DE SANTIAGO,13,15,1121,579,542,1121,579,542,0,0,0,SAN MIGUEL,SANTIAGO,131,13130
11441,,11441,METROPOLITANA DE SANTIAGO,13,16,1151,573,578,1151,573,578,0,0,0,SAN MIGUEL,SANTIAGO,131,13130
11442,,11442,METROPOLITANA DE SANTIAGO,13,17,1105,548,557,1105,548,557,0,0,0,SAN MIGUEL,SANTIAGO,131,13130
11443,,11443,METROPOLITANA DE SANTIAGO,13,18,1177,591,586,1177,591,586,0,0,0,SAN MIGUEL,SANTIAGO,131,13130
11444,,11444,METROPOLITANA DE SANTIAGO,13,19,1364,617,747,1364,617,747,0,0,0,SAN MIGUEL,SANTIAGO,131,13130
11445,,11445,METROPOLITANA DE SANTIAGO,13,20,1482,747,735,1482,747,735,0,0,0,SAN MIGUEL,SANTIAGO,131,13130
11446,,11446,METROPOLITANA DE SANTIAGO,13,21,1482,730,752,1482,730,752,0,0,0,SAN MIGUEL,SANTIAGO,131,13130
11447,,11447,METROPOLITANA DE SANTIAGO,13,22,1572,731,841,1572,731,841,0,0,0,SAN MIGUEL,SANTIAGO,131,13130
11448,,11448,METROPOLITANA DE SANTIAGO,13,23,1667,836,831,1667,836,831,0,0,0,SAN MIGUEL,SANTIAGO,131,13130
11449,,11449,METROPOLITANA DE SANTIAGO,13,24,1740,871,869,1740,871,869,0,0,0,SAN MIGUEL,SANTIAGO,131,13130
11450,,11450,METROPOLITANA DE SANTIAGO,13,25,1799,845,954,1799,845,954,0,0,0,SAN MIGUEL,SANTIAGO,131,13130
11451,,11451,METROPOLITANA DE SANTIAGO,13,26,2051,954,1097,2051,954,1097,0,0,0,SAN MIGUEL,SANTIAGO,131,13130
11452,,11452,METROPOLITANA DE SANTIAGO,13,27,2107,1006,1101,2107,1006,1101,0,0,0,SAN MIGUEL,SANTIAGO,131,13130
11453,,11453,METROPOLITANA DE SANTIAGO,13,28,2376,1184,1192,2376,1184,1192,0,0,0,SAN MIGUEL,SANTIAGO,131,13130
11454,,11454,METROPOLITANA DE SANTIAGO,13,29,2307,1079,1228,2307,1079,1228,0,0,0,SAN MIGUEL,SANTIAGO,131,13130
11455,,11455,METROPOLITANA DE SANTIAGO,13,30,2292,1123,1169,2292,1123,1169,0,0,0,SAN MIGUEL,SANTIAGO,131,13130
11456,,11456,METROPOLITANA DE SANTIAGO,13,31,2211,1121,1090,2211,1121,1090,0,0,0,SAN MIGUEL,SANTIAGO,131,13130
11457,,11457,METROPOLITANA DE SANTIAGO,13,32,2231,1129,1102,2231,1129,1102,0,0,0,SAN MIGUEL,SANTIAGO,131,13130
11458,,11458,METROPOLITANA DE SANTIAGO,13,33,2035,998,1037,2035,998,1037,0,0,0,SAN MIGUEL,SANTIAGO,131,13130
11459,,11459,METROPOLITANA DE SANTIAGO,13,34,2038,1021,1017,2038,1021,1017,0,0,0,SAN MIGUEL,SANTIAGO,131,13130
11460,,11460,METROPOLITANA DE SANTIAGO,13,35,2020,977,1043,2020,977,1043,0,0,0,SAN MIGUEL,SANTIAGO,131,13130
11461,,11461,METROPOLITANA DE SANTIAGO,13,36,1846,912,934,1846,912,934,0,0,0,SAN MIGUEL,SANTIAGO,131,13130
11462,,11462,METROPOLITANA DE SANTIAGO,13,37,1765,848,917,1765,848,917,0,0,0,SAN MIGUEL,SANTIAGO,131,13130
11463,,11463,METROPOLITANA DE SANTIAGO,13,38,1658,834,824,1658,834,824,0,0,0,SAN MIGUEL,SANTIAGO,131,13130
11464,,11464,METROPOLITANA DE SANTIAGO,13,39,1573,768,805,1573,768,805,0,0,0,SAN MIGUEL,SANTIAGO,131,13130
11465,,11465,METROPOLITANA DE SANTIAGO,13,40,1526,760,766,1526,760,766,0,0,0,SAN MIGUEL,SANTIAGO,131,13130
11466,,11466,METROPOLITANA DE SANTIAGO,13,41,1526,717,809,1526,717,809,0,0,0,SAN MIGUEL,SANTIAGO,131,13130
11467,,11467,METROPOLITANA DE SANTIAGO,13,42,1494,733,761,1494,733,761,0,0,0,SAN MIGUEL,SANTIAGO,131,13130
11468,,11468,METROPOLITANA DE SANTIAGO,13,43,1467,719,748,1467,719,748,0,0,0,SAN MIGUEL,SANTIAGO,131,13130
11469,,11469,METROPOLITANA DE SANTIAGO,13,44,1461,685,776,1461,685,776,0,0,0,SAN MIGUEL,SANTIAGO,131,13130
11470,,11470,METROPOLITANA DE SANTIAGO,13,45,1393,651,742,1393,651,742,0,0,0,SAN MIGUEL,SANTIAGO,131,13130
11471,,11471,METROPOLITANA DE SANTIAGO,13,46,1351,645,706,1351,645,706,0,0,0,SAN MIGUEL,SANTIAGO,131,13130
11472,,11472,METROPOLITANA DE SANTIAGO,13,47,1337,633,704,1337,633,704,0,0,0,SAN MIGUEL,SANTIAGO,131,13130
11473,,11473,METROPOLITANA DE SANTIAGO,13,48,1208,598,610,1208,598,610,0,0,0,SAN MIGUEL,SANTIAGO,131,13130
11474,,11474,METROPOLITANA DE SANTIAGO,13,49,1262,587,675,1262,587,675,0,0,0,SAN MIGUEL,SANTIAGO,131,13130
11475,,11475,METROPOLITANA DE SANTIAGO,13,50,1303,636,667,1303,636,667,0,0,0,SAN MIGUEL,SANTIAGO,131,13130
11476,,11476,METROPOLITANA DE SANTIAGO,13,51,1293,597,696,1293,597,696,0,0,0,SAN MIGUEL,SANTIAGO,131,13130
11477,,11477,METROPOLITANA DE SANTIAGO,13,52,1346,606,740,1346,606,740,0,0,0,SAN MIGUEL,SANTIAGO,131,13130
11478,,11478,METROPOLITANA DE SANTIAGO,13,53,1272,575,697,1272,575,697,0,0,0,SAN MIGUEL,SANTIAGO,131,13130
11479,,11479,METROPOLITANA DE SANTIAGO,13,54,1387,608,779,1387,608,779,0,0,0,SAN MIGUEL,SANTIAGO,131,13130
11480,,11480,METROPOLITANA DE SANTIAGO,13,55,1318,580,738,1318,580,738,0,0,0,SAN MIGUEL,SANTIAGO,131,13130
11481,,11481,METROPOLITANA DE SANTIAGO,13,56,1392,639,753,1392,639,753,0,0,0,SAN MIGUEL,SANTIAGO,131,13130
11482,,11482,METROPOLITANA DE SANTIAGO,13,57,1300,600,700,1300,600,700,0,0,0,SAN MIGUEL,SANTIAGO,131,13130
11483,,11483,METROPOLITANA DE SANTIAGO,13,58,1170,531,639,1170,531,639,0,0,0,SAN MIGUEL,SANTIAGO,131,13130
11484,,11484,METROPOLITANA DE SANTIAGO,13,59,1263,525,738,1263,525,738,0,0,0,SAN MIGUEL,SANTIAGO,131,13130
11485,,11485,METROPOLITANA DE SANTIAGO,13,60,1142,491,651,1142,491,651,0,0,0,SAN MIGUEL,SANTIAGO,131,13130
11486,,11486,METROPOLITANA DE SANTIAGO,13,61,1098,458,640,1098,458,640,0,0,0,SAN MIGUEL,SANTIAGO,131,13130
11487,,11487,METROPOLITANA DE SANTIAGO,13,62,959,415,544,959,415,544,0,0,0,SAN MIGUEL,SANTIAGO,131,13130
11488,,11488,METROPOLITANA DE SANTIAGO,13,63,927,406,521,927,406,521,0,0,0,SAN MIGUEL,SANTIAGO,131,13130
11489,,11489,METROPOLITANA DE SANTIAGO,13,64,883,397,486,883,397,486,0,0,0,SAN MIGUEL,SANTIAGO,131,13130
11490,,11490,METROPOLITANA DE SANTIAGO,13,65,836,368,468,836,368,468,0,0,0,SAN MIGUEL,SANTIAGO,131,13130
11491,,11491,METROPOLITANA DE SANTIAGO,13,66,850,368,482,850,368,482,0,0,0,SAN MIGUEL,SANTIAGO,131,13130
11492,,11492,METROPOLITANA DE SANTIAGO,13,67,771,322,449,771,322,449,0,0,0,SAN MIGUEL,SANTIAGO,131,13130
11493,,11493,METROPOLITANA DE SANTIAGO,13,68,761,340,421,761,340,421,0,0,0,SAN MIGUEL,SANTIAGO,131,13130
11494,,11494,METROPOLITANA DE SANTIAGO,13,69,707,290,417,707,290,417,0,0,0,SAN MIGUEL,SANTIAGO,131,13130
11495,,11495,METROPOLITANA DE SANTIAGO,13,70,719,301,418,719,301,418,0,0,0,SAN MIGUEL,SANTIAGO,131,13130
11496,,11496,METROPOLITANA DE SANTIAGO,13,71,687,287,400,687,287,400,0,0,0,SAN MIGUEL,SANTIAGO,131,13130
11497,,11497,METROPOLITANA DE SANTIAGO,13,72,637,241,396,637,241,396,0,0,0,SAN MIGUEL,SANTIAGO,131,13130
11498,,11498,METROPOLITANA DE SANTIAGO,13,73,604,239,365,604,239,365,0,0,0,SAN MIGUEL,SANTIAGO,131,13130
11499,,11499,METROPOLITANA DE SANTIAGO,13,74,592,246,346,592,246,346,0,0,0,SAN MIGUEL,SANTIAGO,131,13130
11500,,11500,METROPOLITANA DE SANTIAGO,13,75,621,237,384,621,237,384,0,0,0,SAN MIGUEL,SANTIAGO,131,13130
11501,,11501,METROPOLITANA DE SANTIAGO,13,76,536,216,320,536,216,320,0,0,0,SAN MIGUEL,SANTIAGO,131,13130
11502,,11502,METROPOLITANA DE SANTIAGO,13,77,490,174,316,490,174,316,0,0,0,SAN MIGUEL,SANTIAGO,131,13130
11503,,11503,METROPOLITANA DE SANTIAGO,13,78,463,177,286,463,177,286,0,0,0,SAN MIGUEL,SANTIAGO,131,13130
11504,,11504,METROPOLITANA DE SANTIAGO,13,79,426,160,266,426,160,266,0,0,0,SAN MIGUEL,SANTIAGO,131,13130
11505,,11505,METROPOLITANA DE SANTIAGO,13,80,409,156,253,409,156,253,0,0,0,SAN MIGUEL,SANTIAGO,131,13130
11506,,11506,METROPOLITANA DE SANTIAGO,13,81,382,121,261,382,121,261,0,0,0,SAN MIGUEL,SANTIAGO,131,13130
11507,,11507,METROPOLITANA DE SANTIAGO,13,82,401,118,283,401,118,283,0,0,0,SAN MIGUEL,SANTIAGO,131,13130
11508,,11508,METROPOLITANA DE SANTIAGO,13,83,342,120,222,342,120,222,0,0,0,SAN MIGUEL,SANTIAGO,131,13130
11509,,11509,METROPOLITANA DE SANTIAGO,13,84,337,111,226,337,111,226,0,0,0,SAN MIGUEL,SANTIAGO,131,13130
11510,,11510,METROPOLITANA DE SANTIAGO,13,85,334,110,224,334,110,224,0,0,0,SAN MIGUEL,SANTIAGO,131,13130
11511,,11511,METROPOLITANA DE SANTIAGO,13,86,344,101,243,344,101,243,0,0,0,SAN MIGUEL,SANTIAGO,131,13130
11512,,11512,METROPOLITANA DE SANTIAGO,13,87,286,69,217,286,69,217,0,0,0,SAN MIGUEL,SANTIAGO,131,13130
11513,,11513,METROPOLITANA DE SANTIAGO,13,88,240,73,167,240,73,167,0,0,0,SAN MIGUEL,SANTIAGO,131,13130
11514,,11514,METROPOLITANA DE SANTIAGO,13,89,236,62,174,236,62,174,0,0,0,SAN MIGUEL,SANTIAGO,131,13130
11515,,11515,METROPOLITANA DE SANTIAGO,13,90,157,32,125,157,32,125,0,0,0,SAN MIGUEL,SANTIAGO,131,13130
11516,,11516,METROPOLITANA DE SANTIAGO,13,91,134,32,102,134,32,102,0,0,0,SAN MIGUEL,SANTIAGO,131,13130
11517,,11517,METROPOLITANA DE SANTIAGO,13,92,119,23,96,119,23,96,0,0,0,SAN MIGUEL,SANTIAGO,131,13130
11518,,11518,METROPOLITANA DE SANTIAGO,13,93,79,21,58,79,21,58,0,0,0,SAN MIGUEL,SANTIAGO,131,13130
11519,,11519,METROPOLITANA DE SANTIAGO,13,94,66,11,55,66,11,55,0,0,0,SAN MIGUEL,SANTIAGO,131,13130
11520,,11520,METROPOLITANA DE SANTIAGO,13,95,53,9,44,53,9,44,0,0,0,SAN MIGUEL,SANTIAGO,131,13130
11521,,11521,METROPOLITANA DE SANTIAGO,13,96,45,9,36,45,9,36,0,0,0,SAN MIGUEL,SANTIAGO,131,13130
11522,,11522,METROPOLITANA DE SANTIAGO,13,97,26,2,24,26,2,24,0,0,0,SAN MIGUEL,SANTIAGO,131,13130
11523,,11523,METROPOLITANA DE SANTIAGO,13,98,26,7,19,26,7,19,0,0,0,SAN MIGUEL,SANTIAGO,131,13130
11524,,11524,METROPOLITANA DE SANTIAGO,13,99,24,6,18,24,6,18,0,0,0,SAN MIGUEL,SANTIAGO,131,13130
11525,,11525,METROPOLITANA DE SANTIAGO,13,100 o más,51,18,33,51,18,33,0,0,0,SAN MIGUEL,SANTIAGO,131,13130
11526,,11526,METROPOLITANA DE SANTIAGO,13,Total Comuna,82900,40873,42027,82900,40873,42027,0,0,0,SAN RAMÓN,SANTIAGO,131,13131
11527,,11527,METROPOLITANA DE SANTIAGO,13,0,1031,563,468,1031,563,468,0,0,0,SAN RAMÓN,SANTIAGO,131,13131
11528,,11528,METROPOLITANA DE SANTIAGO,13,1,1157,606,551,1157,606,551,0,0,0,SAN RAMÓN,SANTIAGO,131,13131
11529,,11529,METROPOLITANA DE SANTIAGO,13,2,1097,550,547,1097,550,547,0,0,0,SAN RAMÓN,SANTIAGO,131,13131
11530,,11530,METROPOLITANA DE SANTIAGO,13,3,1070,552,518,1070,552,518,0,0,0,SAN RAMÓN,SANTIAGO,131,13131
11531,,11531,METROPOLITANA DE SANTIAGO,13,4,1102,601,501,1102,601,501,0,0,0,SAN RAMÓN,SANTIAGO,131,13131
11532,,11532,METROPOLITANA DE SANTIAGO,13,5,990,485,505,990,485,505,0,0,0,SAN RAMÓN,SANTIAGO,131,13131
11533,,11533,METROPOLITANA DE SANTIAGO,13,6,1056,539,517,1056,539,517,0,0,0,SAN RAMÓN,SANTIAGO,131,13131
11534,,11534,METROPOLITANA DE SANTIAGO,13,7,1075,582,493,1075,582,493,0,0,0,SAN RAMÓN,SANTIAGO,131,13131
11535,,11535,METROPOLITANA DE SANTIAGO,13,8,1050,554,496,1050,554,496,0,0,0,SAN RAMÓN,SANTIAGO,131,13131
11536,,11536,METROPOLITANA DE SANTIAGO,13,9,1013,546,467,1013,546,467,0,0,0,SAN RAMÓN,SANTIAGO,131,13131
11537,,11537,METROPOLITANA DE SANTIAGO,13,10,1071,537,534,1071,537,534,0,0,0,SAN RAMÓN,SANTIAGO,131,13131
11538,,11538,METROPOLITANA DE SANTIAGO,13,11,1022,503,519,1022,503,519,0,0,0,SAN RAMÓN,SANTIAGO,131,13131
11539,,11539,METROPOLITANA DE SANTIAGO,13,12,1007,515,492,1007,515,492,0,0,0,SAN RAMÓN,SANTIAGO,131,13131
11540,,11540,METROPOLITANA DE SANTIAGO,13,13,998,497,501,998,497,501,0,0,0,SAN RAMÓN,SANTIAGO,131,13131
11541,,11541,METROPOLITANA DE SANTIAGO,13,14,1078,550,528,1078,550,528,0,0,0,SAN RAMÓN,SANTIAGO,131,13131
11542,,11542,METROPOLITANA DE SANTIAGO,13,15,1149,559,590,1149,559,590,0,0,0,SAN RAMÓN,SANTIAGO,131,13131
11543,,11543,METROPOLITANA DE SANTIAGO,13,16,1212,634,578,1212,634,578,0,0,0,SAN RAMÓN,SANTIAGO,131,13131
11544,,11544,METROPOLITANA DE SANTIAGO,13,17,1169,581,588,1169,581,588,0,0,0,SAN RAMÓN,SANTIAGO,131,13131
11545,,11545,METROPOLITANA DE SANTIAGO,13,18,1229,618,611,1229,618,611,0,0,0,SAN RAMÓN,SANTIAGO,131,13131
11546,,11546,METROPOLITANA DE SANTIAGO,13,19,1213,620,593,1213,620,593,0,0,0,SAN RAMÓN,SANTIAGO,131,13131
11547,,11547,METROPOLITANA DE SANTIAGO,13,20,1307,712,595,1307,712,595,0,0,0,SAN RAMÓN,SANTIAGO,131,13131
11548,,11548,METROPOLITANA DE SANTIAGO,13,21,1464,754,710,1464,754,710,0,0,0,SAN RAMÓN,SANTIAGO,131,13131
11549,,11549,METROPOLITANA DE SANTIAGO,13,22,1391,695,696,1391,695,696,0,0,0,SAN RAMÓN,SANTIAGO,131,13131
11550,,11550,METROPOLITANA DE SANTIAGO,13,23,1444,735,709,1444,735,709,0,0,0,SAN RAMÓN,SANTIAGO,131,13131
11551,,11551,METROPOLITANA DE SANTIAGO,13,24,1460,745,715,1460,745,715,0,0,0,SAN RAMÓN,SANTIAGO,131,13131
11552,,11552,METROPOLITANA DE SANTIAGO,13,25,1399,704,695,1399,704,695,0,0,0,SAN RAMÓN,SANTIAGO,131,13131
11553,,11553,METROPOLITANA DE SANTIAGO,13,26,1337,694,643,1337,694,643,0,0,0,SAN RAMÓN,SANTIAGO,131,13131
11554,,11554,METROPOLITANA DE SANTIAGO,13,27,1391,721,670,1391,721,670,0,0,0,SAN RAMÓN,SANTIAGO,131,13131
11555,,11555,METROPOLITANA DE SANTIAGO,13,28,1339,689,650,1339,689,650,0,0,0,SAN RAMÓN,SANTIAGO,131,13131
11556,,11556,METROPOLITANA DE SANTIAGO,13,29,1170,606,564,1170,606,564,0,0,0,SAN RAMÓN,SANTIAGO,131,13131
11557,,11557,METROPOLITANA DE SANTIAGO,13,30,1071,563,508,1071,563,508,0,0,0,SAN RAMÓN,SANTIAGO,131,13131
11558,,11558,METROPOLITANA DE SANTIAGO,13,31,1034,505,529,1034,505,529,0,0,0,SAN RAMÓN,SANTIAGO,131,13131
11559,,11559,METROPOLITANA DE SANTIAGO,13,32,971,489,482,971,489,482,0,0,0,SAN RAMÓN,SANTIAGO,131,13131
11560,,11560,METROPOLITANA DE SANTIAGO,13,33,940,478,462,940,478,462,0,0,0,SAN RAMÓN,SANTIAGO,131,13131
11561,,11561,METROPOLITANA DE SANTIAGO,13,34,1014,533,481,1014,533,481,0,0,0,SAN RAMÓN,SANTIAGO,131,13131
11562,,11562,METROPOLITANA DE SANTIAGO,13,35,996,506,490,996,506,490,0,0,0,SAN RAMÓN,SANTIAGO,131,13131
11563,,11563,METROPOLITANA DE SANTIAGO,13,36,957,474,483,957,474,483,0,0,0,SAN RAMÓN,SANTIAGO,131,13131
11564,,11564,METROPOLITANA DE SANTIAGO,13,37,952,471,481,952,471,481,0,0,0,SAN RAMÓN,SANTIAGO,131,13131
11565,,11565,METROPOLITANA DE SANTIAGO,13,38,955,507,448,955,507,448,0,0,0,SAN RAMÓN,SANTIAGO,131,13131
11566,,11566,METROPOLITANA DE SANTIAGO,13,39,845,442,403,845,442,403,0,0,0,SAN RAMÓN,SANTIAGO,131,13131
11567,,11567,METROPOLITANA DE SANTIAGO,13,40,922,469,453,922,469,453,0,0,0,SAN RAMÓN,SANTIAGO,131,13131
11568,,11568,METROPOLITANA DE SANTIAGO,13,41,992,528,464,992,528,464,0,0,0,SAN RAMÓN,SANTIAGO,131,13131
11569,,11569,METROPOLITANA DE SANTIAGO,13,42,1123,543,580,1123,543,580,0,0,0,SAN RAMÓN,SANTIAGO,131,13131
11570,,11570,METROPOLITANA DE SANTIAGO,13,43,1129,558,571,1129,558,571,0,0,0,SAN RAMÓN,SANTIAGO,131,13131
11571,,11571,METROPOLITANA DE SANTIAGO,13,44,1213,601,612,1213,601,612,0,0,0,SAN RAMÓN,SANTIAGO,131,13131
11572,,11572,METROPOLITANA DE SANTIAGO,13,45,1170,606,564,1170,606,564,0,0,0,SAN RAMÓN,SANTIAGO,131,13131
11573,,11573,METROPOLITANA DE SANTIAGO,13,46,1159,592,567,1159,592,567,0,0,0,SAN RAMÓN,SANTIAGO,131,13131
11574,,11574,METROPOLITANA DE SANTIAGO,13,47,1140,599,541,1140,599,541,0,0,0,SAN RAMÓN,SANTIAGO,131,13131
11575,,11575,METROPOLITANA DE SANTIAGO,13,48,1128,592,536,1128,592,536,0,0,0,SAN RAMÓN,SANTIAGO,131,13131
11576,,11576,METROPOLITANA DE SANTIAGO,13,49,1221,603,618,1221,603,618,0,0,0,SAN RAMÓN,SANTIAGO,131,13131
11577,,11577,METROPOLITANA DE SANTIAGO,13,50,1196,583,613,1196,583,613,0,0,0,SAN RAMÓN,SANTIAGO,131,13131
11578,,11578,METROPOLITANA DE SANTIAGO,13,51,1211,584,627,1211,584,627,0,0,0,SAN RAMÓN,SANTIAGO,131,13131
11579,,11579,METROPOLITANA DE SANTIAGO,13,52,1178,583,595,1178,583,595,0,0,0,SAN RAMÓN,SANTIAGO,131,13131
11580,,11580,METROPOLITANA DE SANTIAGO,13,53,1146,592,554,1146,592,554,0,0,0,SAN RAMÓN,SANTIAGO,131,13131
11581,,11581,METROPOLITANA DE SANTIAGO,13,54,1137,523,614,1137,523,614,0,0,0,SAN RAMÓN,SANTIAGO,131,13131
11582,,11582,METROPOLITANA DE SANTIAGO,13,55,1020,525,495,1020,525,495,0,0,0,SAN RAMÓN,SANTIAGO,131,13131
11583,,11583,METROPOLITANA DE SANTIAGO,13,56,1029,500,529,1029,500,529,0,0,0,SAN RAMÓN,SANTIAGO,131,13131
11584,,11584,METROPOLITANA DE SANTIAGO,13,57,891,442,449,891,442,449,0,0,0,SAN RAMÓN,SANTIAGO,131,13131
11585,,11585,METROPOLITANA DE SANTIAGO,13,58,826,387,439,826,387,439,0,0,0,SAN RAMÓN,SANTIAGO,131,13131
11586,,11586,METROPOLITANA DE SANTIAGO,13,59,846,408,438,846,408,438,0,0,0,SAN RAMÓN,SANTIAGO,131,13131
11587,,11587,METROPOLITANA DE SANTIAGO,13,60,849,417,432,849,417,432,0,0,0,SAN RAMÓN,SANTIAGO,131,13131
11588,,11588,METROPOLITANA DE SANTIAGO,13,61,797,384,413,797,384,413,0,0,0,SAN RAMÓN,SANTIAGO,131,13131
11589,,11589,METROPOLITANA DE SANTIAGO,13,62,764,360,404,764,360,404,0,0,0,SAN RAMÓN,SANTIAGO,131,13131
11590,,11590,METROPOLITANA DE SANTIAGO,13,63,751,353,398,751,353,398,0,0,0,SAN RAMÓN,SANTIAGO,131,13131
11591,,11591,METROPOLITANA DE SANTIAGO,13,64,724,336,388,724,336,388,0,0,0,SAN RAMÓN,SANTIAGO,131,13131
11592,,11592,METROPOLITANA DE SANTIAGO,13,65,679,270,409,679,270,409,0,0,0,SAN RAMÓN,SANTIAGO,131,13131
11593,,11593,METROPOLITANA DE SANTIAGO,13,66,717,311,406,717,311,406,0,0,0,SAN RAMÓN,SANTIAGO,131,13131
11594,,11594,METROPOLITANA DE SANTIAGO,13,67,767,324,443,767,324,443,0,0,0,SAN RAMÓN,SANTIAGO,131,13131
11595,,11595,METROPOLITANA DE SANTIAGO,13,68,698,313,385,698,313,385,0,0,0,SAN RAMÓN,SANTIAGO,131,13131
11596,,11596,METROPOLITANA DE SANTIAGO,13,69,732,306,426,732,306,426,0,0,0,SAN RAMÓN,SANTIAGO,131,13131
11597,,11597,METROPOLITANA DE SANTIAGO,13,70,721,319,402,721,319,402,0,0,0,SAN RAMÓN,SANTIAGO,131,13131
11598,,11598,METROPOLITANA DE SANTIAGO,13,71,728,303,425,728,303,425,0,0,0,SAN RAMÓN,SANTIAGO,131,13131
11599,,11599,METROPOLITANA DE SANTIAGO,13,72,700,296,404,700,296,404,0,0,0,SAN RAMÓN,SANTIAGO,131,13131
11600,,11600,METROPOLITANA DE SANTIAGO,13,73,666,292,374,666,292,374,0,0,0,SAN RAMÓN,SANTIAGO,131,13131
11601,,11601,METROPOLITANA DE SANTIAGO,13,74,644,303,341,644,303,341,0,0,0,SAN RAMÓN,SANTIAGO,131,13131
11602,,11602,METROPOLITANA DE SANTIAGO,13,75,579,245,334,579,245,334,0,0,0,SAN RAMÓN,SANTIAGO,131,13131
11603,,11603,METROPOLITANA DE SANTIAGO,13,76,562,227,335,562,227,335,0,0,0,SAN RAMÓN,SANTIAGO,131,13131
11604,,11604,METROPOLITANA DE SANTIAGO,13,77,482,192,290,482,192,290,0,0,0,SAN RAMÓN,SANTIAGO,131,13131
11605,,11605,METROPOLITANA DE SANTIAGO,13,78,409,177,232,409,177,232,0,0,0,SAN RAMÓN,SANTIAGO,131,13131
11606,,11606,METROPOLITANA DE SANTIAGO,13,79,364,132,232,364,132,232,0,0,0,SAN RAMÓN,SANTIAGO,131,13131
11607,,11607,METROPOLITANA DE SANTIAGO,13,80,362,148,214,362,148,214,0,0,0,SAN RAMÓN,SANTIAGO,131,13131
11608,,11608,METROPOLITANA DE SANTIAGO,13,81,324,125,199,324,125,199,0,0,0,SAN RAMÓN,SANTIAGO,131,13131
11609,,11609,METROPOLITANA DE SANTIAGO,13,82,311,122,189,311,122,189,0,0,0,SAN RAMÓN,SANTIAGO,131,13131
11610,,11610,METROPOLITANA DE SANTIAGO,13,83,253,96,157,253,96,157,0,0,0,SAN RAMÓN,SANTIAGO,131,13131
11611,,11611,METROPOLITANA DE SANTIAGO,13,84,275,113,162,275,113,162,0,0,0,SAN RAMÓN,SANTIAGO,131,13131
11612,,11612,METROPOLITANA DE SANTIAGO,13,85,198,69,129,198,69,129,0,0,0,SAN RAMÓN,SANTIAGO,131,13131
11613,,11613,METROPOLITANA DE SANTIAGO,13,86,188,66,122,188,66,122,0,0,0,SAN RAMÓN,SANTIAGO,131,13131
11614,,11614,METROPOLITANA DE SANTIAGO,13,87,140,48,92,140,48,92,0,0,0,SAN RAMÓN,SANTIAGO,131,13131
11615,,11615,METROPOLITANA DE SANTIAGO,13,88,123,44,79,123,44,79,0,0,0,SAN RAMÓN,SANTIAGO,131,13131
11616,,11616,METROPOLITANA DE SANTIAGO,13,89,112,37,75,112,37,75,0,0,0,SAN RAMÓN,SANTIAGO,131,13131
11617,,11617,METROPOLITANA DE SANTIAGO,13,90,96,35,61,96,35,61,0,0,0,SAN RAMÓN,SANTIAGO,131,13131
11618,,11618,METROPOLITANA DE SANTIAGO,13,91,72,17,55,72,17,55,0,0,0,SAN RAMÓN,SANTIAGO,131,13131
11619,,11619,METROPOLITANA DE SANTIAGO,13,92,58,20,38,58,20,38,0,0,0,SAN RAMÓN,SANTIAGO,131,13131
11620,,11620,METROPOLITANA DE SANTIAGO,13,93,38,11,27,38,11,27,0,0,0,SAN RAMÓN,SANTIAGO,131,13131
11621,,11621,METROPOLITANA DE SANTIAGO,13,94,28,7,21,28,7,21,0,0,0,SAN RAMÓN,SANTIAGO,131,13131
11622,,11622,METROPOLITANA DE SANTIAGO,13,95,29,7,22,29,7,22,0,0,0,SAN RAMÓN,SANTIAGO,131,13131
11623,,11623,METROPOLITANA DE SANTIAGO,13,96,20,4,16,20,4,16,0,0,0,SAN RAMÓN,SANTIAGO,131,13131
11624,,11624,METROPOLITANA DE SANTIAGO,13,97,6,1,5,6,1,5,0,0,0,SAN RAMÓN,SANTIAGO,131,13131
11625,,11625,METROPOLITANA DE SANTIAGO,13,98,8,2,6,8,2,6,0,0,0,SAN RAMÓN,SANTIAGO,131,13131
11626,,11626,METROPOLITANA DE SANTIAGO,13,99,5,0,5,5,0,5,0,0,0,SAN RAMÓN,SANTIAGO,131,13131
11627,,11627,METROPOLITANA DE SANTIAGO,13,100 o más,18,8,10,18,8,10,0,0,0,SAN RAMÓN,SANTIAGO,131,13131
11628,,11628,METROPOLITANA DE SANTIAGO,13,Total Comuna,85384,38402,46982,85384,38402,46982,0,0,0,VITACURA,SANTIAGO,131,13132
11629,,11629,METROPOLITANA DE SANTIAGO,13,0,1197,582,615,1197,582,615,0,0,0,VITACURA,SANTIAGO,131,13132
11630,,11630,METROPOLITANA DE SANTIAGO,13,1,1191,617,574,1191,617,574,0,0,0,VITACURA,SANTIAGO,131,13132
11631,,11631,METROPOLITANA DE SANTIAGO,13,2,1166,596,570,1166,596,570,0,0,0,VITACURA,SANTIAGO,131,13132
11632,,11632,METROPOLITANA DE SANTIAGO,13,3,1080,545,535,1080,545,535,0,0,0,VITACURA,SANTIAGO,131,13132
11633,,11633,METROPOLITANA DE SANTIAGO,13,4,1098,546,552,1098,546,552,0,0,0,VITACURA,SANTIAGO,131,13132
11634,,11634,METROPOLITANA DE SANTIAGO,13,5,1060,562,498,1060,562,498,0,0,0,VITACURA,SANTIAGO,131,13132
11635,,11635,METROPOLITANA DE SANTIAGO,13,6,994,512,482,994,512,482,0,0,0,VITACURA,SANTIAGO,131,13132
11636,,11636,METROPOLITANA DE SANTIAGO,13,7,1063,527,536,1063,527,536,0,0,0,VITACURA,SANTIAGO,131,13132
11637,,11637,METROPOLITANA DE SANTIAGO,13,8,987,484,503,987,484,503,0,0,0,VITACURA,SANTIAGO,131,13132
11638,,11638,METROPOLITANA DE SANTIAGO,13,9,977,492,485,977,492,485,0,0,0,VITACURA,SANTIAGO,131,13132
11639,,11639,METROPOLITANA DE SANTIAGO,13,10,1005,523,482,1005,523,482,0,0,0,VITACURA,SANTIAGO,131,13132
11640,,11640,METROPOLITANA DE SANTIAGO,13,11,976,486,490,976,486,490,0,0,0,VITACURA,SANTIAGO,131,13132
11641,,11641,METROPOLITANA DE SANTIAGO,13,12,976,494,482,976,494,482,0,0,0,VITACURA,SANTIAGO,131,13132
11642,,11642,METROPOLITANA DE SANTIAGO,13,13,976,505,471,976,505,471,0,0,0,VITACURA,SANTIAGO,131,13132
11643,,11643,METROPOLITANA DE SANTIAGO,13,14,997,518,479,997,518,479,0,0,0,VITACURA,SANTIAGO,131,13132
11644,,11644,METROPOLITANA DE SANTIAGO,13,15,1003,487,516,1003,487,516,0,0,0,VITACURA,SANTIAGO,131,13132
11645,,11645,METROPOLITANA DE SANTIAGO,13,16,1076,538,538,1076,538,538,0,0,0,VITACURA,SANTIAGO,131,13132
11646,,11646,METROPOLITANA DE SANTIAGO,13,17,1055,505,550,1055,505,550,0,0,0,VITACURA,SANTIAGO,131,13132
11647,,11647,METROPOLITANA DE SANTIAGO,13,18,1119,543,576,1119,543,576,0,0,0,VITACURA,SANTIAGO,131,13132
11648,,11648,METROPOLITANA DE SANTIAGO,13,19,1138,577,561,1138,577,561,0,0,0,VITACURA,SANTIAGO,131,13132
11649,,11649,METROPOLITANA DE SANTIAGO,13,20,1197,597,600,1197,597,600,0,0,0,VITACURA,SANTIAGO,131,13132
11650,,11650,METROPOLITANA DE SANTIAGO,13,21,1075,516,559,1075,516,559,0,0,0,VITACURA,SANTIAGO,131,13132
11651,,11651,METROPOLITANA DE SANTIAGO,13,22,1181,564,617,1181,564,617,0,0,0,VITACURA,SANTIAGO,131,13132
11652,,11652,METROPOLITANA DE SANTIAGO,13,23,1139,541,598,1139,541,598,0,0,0,VITACURA,SANTIAGO,131,13132
11653,,11653,METROPOLITANA DE SANTIAGO,13,24,1167,580,587,1167,580,587,0,0,0,VITACURA,SANTIAGO,131,13132
11654,,11654,METROPOLITANA DE SANTIAGO,13,25,1057,525,532,1057,525,532,0,0,0,VITACURA,SANTIAGO,131,13132
11655,,11655,METROPOLITANA DE SANTIAGO,13,26,1148,567,581,1148,567,581,0,0,0,VITACURA,SANTIAGO,131,13132
11656,,11656,METROPOLITANA DE SANTIAGO,13,27,1096,503,593,1096,503,593,0,0,0,VITACURA,SANTIAGO,131,13132
11657,,11657,METROPOLITANA DE SANTIAGO,13,28,1115,537,578,1115,537,578,0,0,0,VITACURA,SANTIAGO,131,13132
11658,,11658,METROPOLITANA DE SANTIAGO,13,29,1094,521,573,1094,521,573,0,0,0,VITACURA,SANTIAGO,131,13132
11659,,11659,METROPOLITANA DE SANTIAGO,13,30,1086,517,569,1086,517,569,0,0,0,VITACURA,SANTIAGO,131,13132
11660,,11660,METROPOLITANA DE SANTIAGO,13,31,972,452,520,972,452,520,0,0,0,VITACURA,SANTIAGO,131,13132
11661,,11661,METROPOLITANA DE SANTIAGO,13,32,1131,517,614,1131,517,614,0,0,0,VITACURA,SANTIAGO,131,13132
11662,,11662,METROPOLITANA DE SANTIAGO,13,33,1140,510,630,1140,510,630,0,0,0,VITACURA,SANTIAGO,131,13132
11663,,11663,METROPOLITANA DE SANTIAGO,13,34,1231,571,660,1231,571,660,0,0,0,VITACURA,SANTIAGO,131,13132
11664,,11664,METROPOLITANA DE SANTIAGO,13,35,1258,591,667,1258,591,667,0,0,0,VITACURA,SANTIAGO,131,13132
11665,,11665,METROPOLITANA DE SANTIAGO,13,36,1166,551,615,1166,551,615,0,0,0,VITACURA,SANTIAGO,131,13132
11666,,11666,METROPOLITANA DE SANTIAGO,13,37,1149,511,638,1149,511,638,0,0,0,VITACURA,SANTIAGO,131,13132
11667,,11667,METROPOLITANA DE SANTIAGO,13,38,1187,530,657,1187,530,657,0,0,0,VITACURA,SANTIAGO,131,13132
11668,,11668,METROPOLITANA DE SANTIAGO,13,39,1223,569,654,1223,569,654,0,0,0,VITACURA,SANTIAGO,131,13132
11669,,11669,METROPOLITANA DE SANTIAGO,13,40,1102,488,614,1102,488,614,0,0,0,VITACURA,SANTIAGO,131,13132
11670,,11670,METROPOLITANA DE SANTIAGO,13,41,1212,524,688,1212,524,688,0,0,0,VITACURA,SANTIAGO,131,13132
11671,,11671,METROPOLITANA DE SANTIAGO,13,42,1226,565,661,1226,565,661,0,0,0,VITACURA,SANTIAGO,131,13132
11672,,11672,METROPOLITANA DE SANTIAGO,13,43,1226,523,703,1226,523,703,0,0,0,VITACURA,SANTIAGO,131,13132
11673,,11673,METROPOLITANA DE SANTIAGO,13,44,1077,481,596,1077,481,596,0,0,0,VITACURA,SANTIAGO,131,13132
11674,,11674,METROPOLITANA DE SANTIAGO,13,45,1187,514,673,1187,514,673,0,0,0,VITACURA,SANTIAGO,131,13132
11675,,11675,METROPOLITANA DE SANTIAGO,13,46,1177,487,690,1177,487,690,0,0,0,VITACURA,SANTIAGO,131,13132
11676,,11676,METROPOLITANA DE SANTIAGO,13,47,1127,450,677,1127,450,677,0,0,0,VITACURA,SANTIAGO,131,13132
11677,,11677,METROPOLITANA DE SANTIAGO,13,48,1085,444,641,1085,444,641,0,0,0,VITACURA,SANTIAGO,131,13132
11678,,11678,METROPOLITANA DE SANTIAGO,13,49,1067,456,611,1067,456,611,0,0,0,VITACURA,SANTIAGO,131,13132
11679,,11679,METROPOLITANA DE SANTIAGO,13,50,1035,438,597,1035,438,597,0,0,0,VITACURA,SANTIAGO,131,13132
11680,,11680,METROPOLITANA DE SANTIAGO,13,51,1044,424,620,1044,424,620,0,0,0,VITACURA,SANTIAGO,131,13132
11681,,11681,METROPOLITANA DE SANTIAGO,13,52,1101,463,638,1101,463,638,0,0,0,VITACURA,SANTIAGO,131,13132
11682,,11682,METROPOLITANA DE SANTIAGO,13,53,1012,401,611,1012,401,611,0,0,0,VITACURA,SANTIAGO,131,13132
11683,,11683,METROPOLITANA DE SANTIAGO,13,54,1080,433,647,1080,433,647,0,0,0,VITACURA,SANTIAGO,131,13132
11684,,11684,METROPOLITANA DE SANTIAGO,13,55,1058,454,604,1058,454,604,0,0,0,VITACURA,SANTIAGO,131,13132
11685,,11685,METROPOLITANA DE SANTIAGO,13,56,1068,433,635,1068,433,635,0,0,0,VITACURA,SANTIAGO,131,13132
11686,,11686,METROPOLITANA DE SANTIAGO,13,57,1016,391,625,1016,391,625,0,0,0,VITACURA,SANTIAGO,131,13132
11687,,11687,METROPOLITANA DE SANTIAGO,13,58,1004,395,609,1004,395,609,0,0,0,VITACURA,SANTIAGO,131,13132
11688,,11688,METROPOLITANA DE SANTIAGO,13,59,985,377,608,985,377,608,0,0,0,VITACURA,SANTIAGO,131,13132
11689,,11689,METROPOLITANA DE SANTIAGO,13,60,1014,418,596,1014,418,596,0,0,0,VITACURA,SANTIAGO,131,13132
11690,,11690,METROPOLITANA DE SANTIAGO,13,61,928,367,561,928,367,561,0,0,0,VITACURA,SANTIAGO,131,13132
11691,,11691,METROPOLITANA DE SANTIAGO,13,62,872,311,561,872,311,561,0,0,0,VITACURA,SANTIAGO,131,13132
11692,,11692,METROPOLITANA DE SANTIAGO,13,63,849,347,502,849,347,502,0,0,0,VITACURA,SANTIAGO,131,13132
11693,,11693,METROPOLITANA DE SANTIAGO,13,64,853,353,500,853,353,500,0,0,0,VITACURA,SANTIAGO,131,13132
11694,,11694,METROPOLITANA DE SANTIAGO,13,65,838,319,519,838,319,519,0,0,0,VITACURA,SANTIAGO,131,13132
11695,,11695,METROPOLITANA DE SANTIAGO,13,66,808,317,491,808,317,491,0,0,0,VITACURA,SANTIAGO,131,13132
11696,,11696,METROPOLITANA DE SANTIAGO,13,67,775,305,470,775,305,470,0,0,0,VITACURA,SANTIAGO,131,13132
11697,,11697,METROPOLITANA DE SANTIAGO,13,68,811,339,472,811,339,472,0,0,0,VITACURA,SANTIAGO,131,13132
11698,,11698,METROPOLITANA DE SANTIAGO,13,69,796,315,481,796,315,481,0,0,0,VITACURA,SANTIAGO,131,13132
11699,,11699,METROPOLITANA DE SANTIAGO,13,70,801,317,484,801,317,484,0,0,0,VITACURA,SANTIAGO,131,13132
11700,,11700,METROPOLITANA DE SANTIAGO,13,71,786,330,456,786,330,456,0,0,0,VITACURA,SANTIAGO,131,13132
11701,,11701,METROPOLITANA DE SANTIAGO,13,72,810,336,474,810,336,474,0,0,0,VITACURA,SANTIAGO,131,13132
11702,,11702,METROPOLITANA DE SANTIAGO,13,73,789,321,468,789,321,468,0,0,0,VITACURA,SANTIAGO,131,13132
11703,,11703,METROPOLITANA DE SANTIAGO,13,74,736,305,431,736,305,431,0,0,0,VITACURA,SANTIAGO,131,13132
11704,,11704,METROPOLITANA DE SANTIAGO,13,75,636,269,367,636,269,367,0,0,0,VITACURA,SANTIAGO,131,13132
11705,,11705,METROPOLITANA DE SANTIAGO,13,76,636,285,351,636,285,351,0,0,0,VITACURA,SANTIAGO,131,13132
11706,,11706,METROPOLITANA DE SANTIAGO,13,77,594,268,326,594,268,326,0,0,0,VITACURA,SANTIAGO,131,13132
11707,,11707,METROPOLITANA DE SANTIAGO,13,78,521,234,287,521,234,287,0,0,0,VITACURA,SANTIAGO,131,13132
11708,,11708,METROPOLITANA DE SANTIAGO,13,79,479,205,274,479,205,274,0,0,0,VITACURA,SANTIAGO,131,13132
11709,,11709,METROPOLITANA DE SANTIAGO,13,80,462,203,259,462,203,259,0,0,0,VITACURA,SANTIAGO,131,13132
11710,,11710,METROPOLITANA DE SANTIAGO,13,81,418,166,252,418,166,252,0,0,0,VITACURA,SANTIAGO,131,13132
11711,,11711,METROPOLITANA DE SANTIAGO,13,82,375,161,214,375,161,214,0,0,0,VITACURA,SANTIAGO,131,13132
11712,,11712,METROPOLITANA DE SANTIAGO,13,83,343,133,210,343,133,210,0,0,0,VITACURA,SANTIAGO,131,13132
11713,,11713,METROPOLITANA DE SANTIAGO,13,84,318,129,189,318,129,189,0,0,0,VITACURA,SANTIAGO,131,13132
11714,,11714,METROPOLITANA DE SANTIAGO,13,85,303,126,177,303,126,177,0,0,0,VITACURA,SANTIAGO,131,13132
11715,,11715,METROPOLITANA DE SANTIAGO,13,86,308,118,190,308,118,190,0,0,0,VITACURA,SANTIAGO,131,13132
11716,,11716,METROPOLITANA DE SANTIAGO,13,87,285,112,173,285,112,173,0,0,0,VITACURA,SANTIAGO,131,13132
11717,,11717,METROPOLITANA DE SANTIAGO,13,88,244,90,154,244,90,154,0,0,0,VITACURA,SANTIAGO,131,13132
11718,,11718,METROPOLITANA DE SANTIAGO,13,89,237,90,147,237,90,147,0,0,0,VITACURA,SANTIAGO,131,13132
11719,,11719,METROPOLITANA DE SANTIAGO,13,90,171,54,117,171,54,117,0,0,0,VITACURA,SANTIAGO,131,13132
11720,,11720,METROPOLITANA DE SANTIAGO,13,91,160,59,101,160,59,101,0,0,0,VITACURA,SANTIAGO,131,13132
11721,,11721,METROPOLITANA DE SANTIAGO,13,92,162,57,105,162,57,105,0,0,0,VITACURA,SANTIAGO,131,13132
11722,,11722,METROPOLITANA DE SANTIAGO,13,93,100,17,83,100,17,83,0,0,0,VITACURA,SANTIAGO,131,13132
11723,,11723,METROPOLITANA DE SANTIAGO,13,94,88,21,67,88,21,67,0,0,0,VITACURA,SANTIAGO,131,13132
11724,,11724,METROPOLITANA DE SANTIAGO,13,95,68,15,53,68,15,53,0,0,0,VITACURA,SANTIAGO,131,13132
11725,,11725,METROPOLITANA DE SANTIAGO,13,96,54,14,40,54,14,40,0,0,0,VITACURA,SANTIAGO,131,13132
11726,,11726,METROPOLITANA DE SANTIAGO,13,97,38,8,30,38,8,30,0,0,0,VITACURA,SANTIAGO,131,13132
11727,,11727,METROPOLITANA DE SANTIAGO,13,98,23,4,19,23,4,19,0,0,0,VITACURA,SANTIAGO,131,13132
11728,,11728,METROPOLITANA DE SANTIAGO,13,99,16,3,13,16,3,13,0,0,0,VITACURA,SANTIAGO,131,13132
11729,,11729,METROPOLITANA DE SANTIAGO,13,100 o más,44,11,33,44,11,33,0,0,0,VITACURA,SANTIAGO,131,13132
11730,,11730,METROPOLITANA DE SANTIAGO,13,Total Comuna,568106,275147,292959,568094,275141,292953,12,6,6,PUENTE ALTO,CORDILLERA,132,13201
11731,,11731,METROPOLITANA DE SANTIAGO,13,0,7399,3760,3639,7399,3760,3639,0,0,0,PUENTE ALTO,CORDILLERA,132,13201
11732,,11732,METROPOLITANA DE SANTIAGO,13,1,8241,4217,4024,8241,4217,4024,0,0,0,PUENTE ALTO,CORDILLERA,132,13201
11733,,11733,METROPOLITANA DE SANTIAGO,13,2,8383,4265,4118,8383,4265,4118,0,0,0,PUENTE ALTO,CORDILLERA,132,13201
11734,,11734,METROPOLITANA DE SANTIAGO,13,3,8329,4278,4051,8328,4278,4050,1,0,1,PUENTE ALTO,CORDILLERA,132,13201
11735,,11735,METROPOLITANA DE SANTIAGO,13,4,8234,4124,4110,8233,4124,4109,1,0,1,PUENTE ALTO,CORDILLERA,132,13201
11736,,11736,METROPOLITANA DE SANTIAGO,13,5,8148,4250,3898,8148,4250,3898,0,0,0,PUENTE ALTO,CORDILLERA,132,13201
11737,,11737,METROPOLITANA DE SANTIAGO,13,6,8576,4353,4223,8576,4353,4223,0,0,0,PUENTE ALTO,CORDILLERA,132,13201
11738,,11738,METROPOLITANA DE SANTIAGO,13,7,8669,4414,4255,8669,4414,4255,0,0,0,PUENTE ALTO,CORDILLERA,132,13201
11739,,11739,METROPOLITANA DE SANTIAGO,13,8,8398,4277,4121,8398,4277,4121,0,0,0,PUENTE ALTO,CORDILLERA,132,13201
11740,,11740,METROPOLITANA DE SANTIAGO,13,9,8346,4377,3969,8346,4377,3969,0,0,0,PUENTE ALTO,CORDILLERA,132,13201
11741,,11741,METROPOLITANA DE SANTIAGO,13,10,8016,4028,3988,8015,4027,3988,1,1,0,PUENTE ALTO,CORDILLERA,132,13201
11742,,11742,METROPOLITANA DE SANTIAGO,13,11,7924,4101,3823,7924,4101,3823,0,0,0,PUENTE ALTO,CORDILLERA,132,13201
11743,,11743,METROPOLITANA DE SANTIAGO,13,12,7892,4030,3862,7892,4030,3862,0,0,0,PUENTE ALTO,CORDILLERA,132,13201
11744,,11744,METROPOLITANA DE SANTIAGO,13,13,8021,4067,3954,8021,4067,3954,0,0,0,PUENTE ALTO,CORDILLERA,132,13201
11745,,11745,METROPOLITANA DE SANTIAGO,13,14,8213,4137,4076,8213,4137,4076,0,0,0,PUENTE ALTO,CORDILLERA,132,13201
11746,,11746,METROPOLITANA DE SANTIAGO,13,15,8555,4393,4162,8555,4393,4162,0,0,0,PUENTE ALTO,CORDILLERA,132,13201
11747,,11747,METROPOLITANA DE SANTIAGO,13,16,8668,4400,4268,8668,4400,4268,0,0,0,PUENTE ALTO,CORDILLERA,132,13201
11748,,11748,METROPOLITANA DE SANTIAGO,13,17,8928,4548,4380,8928,4548,4380,0,0,0,PUENTE ALTO,CORDILLERA,132,13201
11749,,11749,METROPOLITANA DE SANTIAGO,13,18,8805,4401,4404,8805,4401,4404,0,0,0,PUENTE ALTO,CORDILLERA,132,13201
11750,,11750,METROPOLITANA DE SANTIAGO,13,19,9098,4554,4544,9098,4554,4544,0,0,0,PUENTE ALTO,CORDILLERA,132,13201
11751,,11751,METROPOLITANA DE SANTIAGO,13,20,9491,4793,4698,9491,4793,4698,0,0,0,PUENTE ALTO,CORDILLERA,132,13201
11752,,11752,METROPOLITANA DE SANTIAGO,13,21,9589,4833,4756,9589,4833,4756,0,0,0,PUENTE ALTO,CORDILLERA,132,13201
11753,,11753,METROPOLITANA DE SANTIAGO,13,22,10283,5225,5058,10283,5225,5058,0,0,0,PUENTE ALTO,CORDILLERA,132,13201
11754,,11754,METROPOLITANA DE SANTIAGO,13,23,10077,5129,4948,10077,5129,4948,0,0,0,PUENTE ALTO,CORDILLERA,132,13201
11755,,11755,METROPOLITANA DE SANTIAGO,13,24,10271,5288,4983,10271,5288,4983,0,0,0,PUENTE ALTO,CORDILLERA,132,13201
11756,,11756,METROPOLITANA DE SANTIAGO,13,25,10064,5150,4914,10063,5150,4913,1,0,1,PUENTE ALTO,CORDILLERA,132,13201
11757,,11757,METROPOLITANA DE SANTIAGO,13,26,10259,5164,5095,10259,5164,5095,0,0,0,PUENTE ALTO,CORDILLERA,132,13201
11758,,11758,METROPOLITANA DE SANTIAGO,13,27,10070,5145,4925,10069,5144,4925,1,1,0,PUENTE ALTO,CORDILLERA,132,13201
11759,,11759,METROPOLITANA DE SANTIAGO,13,28,9780,4834,4946,9780,4834,4946,0,0,0,PUENTE ALTO,CORDILLERA,132,13201
11760,,11760,METROPOLITANA DE SANTIAGO,13,29,8854,4484,4370,8854,4484,4370,0,0,0,PUENTE ALTO,CORDILLERA,132,13201
11761,,11761,METROPOLITANA DE SANTIAGO,13,30,8595,4264,4331,8595,4264,4331,0,0,0,PUENTE ALTO,CORDILLERA,132,13201
11762,,11762,METROPOLITANA DE SANTIAGO,13,31,8167,4006,4161,8167,4006,4161,0,0,0,PUENTE ALTO,CORDILLERA,132,13201
11763,,11763,METROPOLITANA DE SANTIAGO,13,32,7997,3931,4066,7996,3930,4066,1,1,0,PUENTE ALTO,CORDILLERA,132,13201
11764,,11764,METROPOLITANA DE SANTIAGO,13,33,7916,3859,4057,7915,3859,4056,1,0,1,PUENTE ALTO,CORDILLERA,132,13201
11765,,11765,METROPOLITANA DE SANTIAGO,13,34,8049,3988,4061,8049,3988,4061,0,0,0,PUENTE ALTO,CORDILLERA,132,13201
11766,,11766,METROPOLITANA DE SANTIAGO,13,35,8576,4222,4354,8576,4222,4354,0,0,0,PUENTE ALTO,CORDILLERA,132,13201
11767,,11767,METROPOLITANA DE SANTIAGO,13,36,7683,3761,3922,7683,3761,3922,0,0,0,PUENTE ALTO,CORDILLERA,132,13201
11768,,11768,METROPOLITANA DE SANTIAGO,13,37,7463,3587,3876,7462,3586,3876,1,1,0,PUENTE ALTO,CORDILLERA,132,13201
11769,,11769,METROPOLITANA DE SANTIAGO,13,38,7060,3405,3655,7060,3405,3655,0,0,0,PUENTE ALTO,CORDILLERA,132,13201
11770,,11770,METROPOLITANA DE SANTIAGO,13,39,6913,3343,3570,6913,3343,3570,0,0,0,PUENTE ALTO,CORDILLERA,132,13201
11771,,11771,METROPOLITANA DE SANTIAGO,13,40,6676,3196,3480,6676,3196,3480,0,0,0,PUENTE ALTO,CORDILLERA,132,13201
11772,,11772,METROPOLITANA DE SANTIAGO,13,41,7387,3618,3769,7387,3618,3769,0,0,0,PUENTE ALTO,CORDILLERA,132,13201
11773,,11773,METROPOLITANA DE SANTIAGO,13,42,7774,3608,4166,7774,3608,4166,0,0,0,PUENTE ALTO,CORDILLERA,132,13201
11774,,11774,METROPOLITANA DE SANTIAGO,13,43,7885,3815,4070,7885,3815,4070,0,0,0,PUENTE ALTO,CORDILLERA,132,13201
11775,,11775,METROPOLITANA DE SANTIAGO,13,44,7865,3696,4169,7865,3696,4169,0,0,0,PUENTE ALTO,CORDILLERA,132,13201
11776,,11776,METROPOLITANA DE SANTIAGO,13,45,7745,3563,4182,7745,3563,4182,0,0,0,PUENTE ALTO,CORDILLERA,132,13201
11777,,11777,METROPOLITANA DE SANTIAGO,13,46,7452,3524,3928,7452,3524,3928,0,0,0,PUENTE ALTO,CORDILLERA,132,13201
11778,,11778,METROPOLITANA DE SANTIAGO,13,47,7314,3316,3998,7313,3316,3997,1,0,1,PUENTE ALTO,CORDILLERA,132,13201
11779,,11779,METROPOLITANA DE SANTIAGO,13,48,7652,3519,4133,7652,3519,4133,0,0,0,PUENTE ALTO,CORDILLERA,132,13201
11780,,11780,METROPOLITANA DE SANTIAGO,13,49,8102,3698,4404,8102,3698,4404,0,0,0,PUENTE ALTO,CORDILLERA,132,13201
11781,,11781,METROPOLITANA DE SANTIAGO,13,50,8172,3630,4542,8172,3630,4542,0,0,0,PUENTE ALTO,CORDILLERA,132,13201
11782,,11782,METROPOLITANA DE SANTIAGO,13,51,8229,3732,4497,8229,3732,4497,0,0,0,PUENTE ALTO,CORDILLERA,132,13201
11783,,11783,METROPOLITANA DE SANTIAGO,13,52,8547,3922,4625,8547,3922,4625,0,0,0,PUENTE ALTO,CORDILLERA,132,13201
11784,,11784,METROPOLITANA DE SANTIAGO,13,53,8517,3878,4639,8517,3878,4639,0,0,0,PUENTE ALTO,CORDILLERA,132,13201
11785,,11785,METROPOLITANA DE SANTIAGO,13,54,8722,4005,4717,8722,4005,4717,0,0,0,PUENTE ALTO,CORDILLERA,132,13201
11786,,11786,METROPOLITANA DE SANTIAGO,13,55,8242,3822,4420,8242,3822,4420,0,0,0,PUENTE ALTO,CORDILLERA,132,13201
11787,,11787,METROPOLITANA DE SANTIAGO,13,56,7707,3518,4189,7706,3517,4189,1,1,0,PUENTE ALTO,CORDILLERA,132,13201
11788,,11788,METROPOLITANA DE SANTIAGO,13,57,7277,3420,3857,7277,3420,3857,0,0,0,PUENTE ALTO,CORDILLERA,132,13201
11789,,11789,METROPOLITANA DE SANTIAGO,13,58,6922,3238,3684,6922,3238,3684,0,0,0,PUENTE ALTO,CORDILLERA,132,13201
11790,,11790,METROPOLITANA DE SANTIAGO,13,59,6633,3141,3492,6633,3141,3492,0,0,0,PUENTE ALTO,CORDILLERA,132,13201
11791,,11791,METROPOLITANA DE SANTIAGO,13,60,6183,2889,3294,6182,2889,3293,1,0,1,PUENTE ALTO,CORDILLERA,132,13201
11792,,11792,METROPOLITANA DE SANTIAGO,13,61,5585,2643,2942,5585,2643,2942,0,0,0,PUENTE ALTO,CORDILLERA,132,13201
11793,,11793,METROPOLITANA DE SANTIAGO,13,62,4966,2318,2648,4966,2318,2648,0,0,0,PUENTE ALTO,CORDILLERA,132,13201
11794,,11794,METROPOLITANA DE SANTIAGO,13,63,4735,2178,2557,4735,2178,2557,0,0,0,PUENTE ALTO,CORDILLERA,132,13201
11795,,11795,METROPOLITANA DE SANTIAGO,13,64,4329,2004,2325,4329,2004,2325,0,0,0,PUENTE ALTO,CORDILLERA,132,13201
11796,,11796,METROPOLITANA DE SANTIAGO,13,65,3928,1840,2088,3928,1840,2088,0,0,0,PUENTE ALTO,CORDILLERA,132,13201
11797,,11797,METROPOLITANA DE SANTIAGO,13,66,3545,1617,1928,3545,1617,1928,0,0,0,PUENTE ALTO,CORDILLERA,132,13201
11798,,11798,METROPOLITANA DE SANTIAGO,13,67,3365,1511,1854,3364,1510,1854,1,1,0,PUENTE ALTO,CORDILLERA,132,13201
11799,,11799,METROPOLITANA DE SANTIAGO,13,68,3065,1386,1679,3065,1386,1679,0,0,0,PUENTE ALTO,CORDILLERA,132,13201
11800,,11800,METROPOLITANA DE SANTIAGO,13,69,2823,1284,1539,2823,1284,1539,0,0,0,PUENTE ALTO,CORDILLERA,132,13201
11801,,11801,METROPOLITANA DE SANTIAGO,13,70,2704,1151,1553,2704,1151,1553,0,0,0,PUENTE ALTO,CORDILLERA,132,13201
11802,,11802,METROPOLITANA DE SANTIAGO,13,71,2400,1078,1322,2400,1078,1322,0,0,0,PUENTE ALTO,CORDILLERA,132,13201
11803,,11803,METROPOLITANA DE SANTIAGO,13,72,2298,974,1324,2298,974,1324,0,0,0,PUENTE ALTO,CORDILLERA,132,13201
11804,,11804,METROPOLITANA DE SANTIAGO,13,73,1939,821,1118,1939,821,1118,0,0,0,PUENTE ALTO,CORDILLERA,132,13201
11805,,11805,METROPOLITANA DE SANTIAGO,13,74,1848,764,1084,1848,764,1084,0,0,0,PUENTE ALTO,CORDILLERA,132,13201
11806,,11806,METROPOLITANA DE SANTIAGO,13,75,1680,677,1003,1680,677,1003,0,0,0,PUENTE ALTO,CORDILLERA,132,13201
11807,,11807,METROPOLITANA DE SANTIAGO,13,76,1529,601,928,1529,601,928,0,0,0,PUENTE ALTO,CORDILLERA,132,13201
11808,,11808,METROPOLITANA DE SANTIAGO,13,77,1461,542,919,1461,542,919,0,0,0,PUENTE ALTO,CORDILLERA,132,13201
11809,,11809,METROPOLITANA DE SANTIAGO,13,78,1226,452,774,1226,452,774,0,0,0,PUENTE ALTO,CORDILLERA,132,13201
11810,,11810,METROPOLITANA DE SANTIAGO,13,79,1125,438,687,1125,438,687,0,0,0,PUENTE ALTO,CORDILLERA,132,13201
11811,,11811,METROPOLITANA DE SANTIAGO,13,80,1044,383,661,1044,383,661,0,0,0,PUENTE ALTO,CORDILLERA,132,13201
11812,,11812,METROPOLITANA DE SANTIAGO,13,81,976,370,606,976,370,606,0,0,0,PUENTE ALTO,CORDILLERA,132,13201
11813,,11813,METROPOLITANA DE SANTIAGO,13,82,912,288,624,912,288,624,0,0,0,PUENTE ALTO,CORDILLERA,132,13201
11814,,11814,METROPOLITANA DE SANTIAGO,13,83,777,270,507,777,270,507,0,0,0,PUENTE ALTO,CORDILLERA,132,13201
11815,,11815,METROPOLITANA DE SANTIAGO,13,84,720,240,480,720,240,480,0,0,0,PUENTE ALTO,CORDILLERA,132,13201
11816,,11816,METROPOLITANA DE SANTIAGO,13,85,730,216,514,730,216,514,0,0,0,PUENTE ALTO,CORDILLERA,132,13201
11817,,11817,METROPOLITANA DE SANTIAGO,13,86,677,203,474,677,203,474,0,0,0,PUENTE ALTO,CORDILLERA,132,13201
11818,,11818,METROPOLITANA DE SANTIAGO,13,87,525,171,354,525,171,354,0,0,0,PUENTE ALTO,CORDILLERA,132,13201
11819,,11819,METROPOLITANA DE SANTIAGO,13,88,456,123,333,456,123,333,0,0,0,PUENTE ALTO,CORDILLERA,132,13201
11820,,11820,METROPOLITANA DE SANTIAGO,13,89,397,120,277,397,120,277,0,0,0,PUENTE ALTO,CORDILLERA,132,13201
11821,,11821,METROPOLITANA DE SANTIAGO,13,90,304,88,216,304,88,216,0,0,0,PUENTE ALTO,CORDILLERA,132,13201
11822,,11822,METROPOLITANA DE SANTIAGO,13,91,207,52,155,207,52,155,0,0,0,PUENTE ALTO,CORDILLERA,132,13201
11823,,11823,METROPOLITANA DE SANTIAGO,13,92,177,45,132,177,45,132,0,0,0,PUENTE ALTO,CORDILLERA,132,13201
11824,,11824,METROPOLITANA DE SANTIAGO,13,93,138,29,109,138,29,109,0,0,0,PUENTE ALTO,CORDILLERA,132,13201
11825,,11825,METROPOLITANA DE SANTIAGO,13,94,146,31,115,146,31,115,0,0,0,PUENTE ALTO,CORDILLERA,132,13201
11826,,11826,METROPOLITANA DE SANTIAGO,13,95,101,20,81,101,20,81,0,0,0,PUENTE ALTO,CORDILLERA,132,13201
11827,,11827,METROPOLITANA DE SANTIAGO,13,96,71,25,46,71,25,46,0,0,0,PUENTE ALTO,CORDILLERA,132,13201
11828,,11828,METROPOLITANA DE SANTIAGO,13,97,45,10,35,45,10,35,0,0,0,PUENTE ALTO,CORDILLERA,132,13201
11829,,11829,METROPOLITANA DE SANTIAGO,13,98,33,14,19,33,14,19,0,0,0,PUENTE ALTO,CORDILLERA,132,13201
11830,,11830,METROPOLITANA DE SANTIAGO,13,99,26,7,19,26,7,19,0,0,0,PUENTE ALTO,CORDILLERA,132,13201
11831,,11831,METROPOLITANA DE SANTIAGO,13,100 o más,90,30,60,90,30,60,0,0,0,PUENTE ALTO,CORDILLERA,132,13201
11832,,11832,METROPOLITANA DE SANTIAGO,13,Total Comuna,26521,13429,13092,11670,5893,5777,14851,7536,7315,PIRQUE,CORDILLERA,132,13202
11833,,11833,METROPOLITANA DE SANTIAGO,13,0,314,164,150,158,93,65,156,71,85,PIRQUE,CORDILLERA,132,13202
11834,,11834,METROPOLITANA DE SANTIAGO,13,1,366,189,177,171,85,86,195,104,91,PIRQUE,CORDILLERA,132,13202
11835,,11835,METROPOLITANA DE SANTIAGO,13,2,390,193,197,188,87,101,202,106,96,PIRQUE,CORDILLERA,132,13202
11836,,11836,METROPOLITANA DE SANTIAGO,13,3,368,184,184,196,101,95,172,83,89,PIRQUE,CORDILLERA,132,13202
11837,,11837,METROPOLITANA DE SANTIAGO,13,4,386,190,196,169,81,88,217,109,108,PIRQUE,CORDILLERA,132,13202
11838,,11838,METROPOLITANA DE SANTIAGO,13,5,377,193,184,173,94,79,204,99,105,PIRQUE,CORDILLERA,132,13202
11839,,11839,METROPOLITANA DE SANTIAGO,13,6,402,227,175,158,92,66,244,135,109,PIRQUE,CORDILLERA,132,13202
11840,,11840,METROPOLITANA DE SANTIAGO,13,7,376,198,178,162,80,82,214,118,96,PIRQUE,CORDILLERA,132,13202
11841,,11841,METROPOLITANA DE SANTIAGO,13,8,398,213,185,168,83,85,230,130,100,PIRQUE,CORDILLERA,132,13202
11842,,11842,METROPOLITANA DE SANTIAGO,13,9,387,193,194,172,86,86,215,107,108,PIRQUE,CORDILLERA,132,13202
11843,,11843,METROPOLITANA DE SANTIAGO,13,10,331,157,174,146,65,81,185,92,93,PIRQUE,CORDILLERA,132,13202
11844,,11844,METROPOLITANA DE SANTIAGO,13,11,372,191,181,191,94,97,181,97,84,PIRQUE,CORDILLERA,132,13202
11845,,11845,METROPOLITANA DE SANTIAGO,13,12,320,163,157,153,86,67,167,77,90,PIRQUE,CORDILLERA,132,13202
11846,,11846,METROPOLITANA DE SANTIAGO,13,13,376,190,186,155,78,77,221,112,109,PIRQUE,CORDILLERA,132,13202
11847,,11847,METROPOLITANA DE SANTIAGO,13,14,375,180,195,155,77,78,220,103,117,PIRQUE,CORDILLERA,132,13202
11848,,11848,METROPOLITANA DE SANTIAGO,13,15,354,169,185,152,75,77,202,94,108,PIRQUE,CORDILLERA,132,13202
11849,,11849,METROPOLITANA DE SANTIAGO,13,16,403,209,194,200,115,85,203,94,109,PIRQUE,CORDILLERA,132,13202
11850,,11850,METROPOLITANA DE SANTIAGO,13,17,400,225,175,180,103,77,220,122,98,PIRQUE,CORDILLERA,132,13202
11851,,11851,METROPOLITANA DE SANTIAGO,13,18,367,178,189,171,76,95,196,102,94,PIRQUE,CORDILLERA,132,13202
11852,,11852,METROPOLITANA DE SANTIAGO,13,19,369,195,174,164,83,81,205,112,93,PIRQUE,CORDILLERA,132,13202
11853,,11853,METROPOLITANA DE SANTIAGO,13,20,409,195,214,182,83,99,227,112,115,PIRQUE,CORDILLERA,132,13202
11854,,11854,METROPOLITANA DE SANTIAGO,13,21,416,200,216,190,89,101,226,111,115,PIRQUE,CORDILLERA,132,13202
11855,,11855,METROPOLITANA DE SANTIAGO,13,22,422,227,195,184,96,88,238,131,107,PIRQUE,CORDILLERA,132,13202
11856,,11856,METROPOLITANA DE SANTIAGO,13,23,395,211,184,177,88,89,218,123,95,PIRQUE,CORDILLERA,132,13202
11857,,11857,METROPOLITANA DE SANTIAGO,13,24,434,223,211,199,97,102,235,126,109,PIRQUE,CORDILLERA,132,13202
11858,,11858,METROPOLITANA DE SANTIAGO,13,25,406,211,195,196,106,90,210,105,105,PIRQUE,CORDILLERA,132,13202
11859,,11859,METROPOLITANA DE SANTIAGO,13,26,414,218,196,187,83,104,227,135,92,PIRQUE,CORDILLERA,132,13202
11860,,11860,METROPOLITANA DE SANTIAGO,13,27,468,239,229,216,110,106,252,129,123,PIRQUE,CORDILLERA,132,13202
11861,,11861,METROPOLITANA DE SANTIAGO,13,28,458,247,211,209,113,96,249,134,115,PIRQUE,CORDILLERA,132,13202
11862,,11862,METROPOLITANA DE SANTIAGO,13,29,389,193,196,201,90,111,188,103,85,PIRQUE,CORDILLERA,132,13202
11863,,11863,METROPOLITANA DE SANTIAGO,13,30,354,190,164,187,99,88,167,91,76,PIRQUE,CORDILLERA,132,13202
11864,,11864,METROPOLITANA DE SANTIAGO,13,31,375,198,177,178,92,86,197,106,91,PIRQUE,CORDILLERA,132,13202
11865,,11865,METROPOLITANA DE SANTIAGO,13,32,353,164,189,145,70,75,208,94,114,PIRQUE,CORDILLERA,132,13202
11866,,11866,METROPOLITANA DE SANTIAGO,13,33,342,176,166,162,91,71,180,85,95,PIRQUE,CORDILLERA,132,13202
11867,,11867,METROPOLITANA DE SANTIAGO,13,34,341,162,179,165,75,90,176,87,89,PIRQUE,CORDILLERA,132,13202
11868,,11868,METROPOLITANA DE SANTIAGO,13,35,365,194,171,144,75,69,221,119,102,PIRQUE,CORDILLERA,132,13202
11869,,11869,METROPOLITANA DE SANTIAGO,13,36,347,164,183,149,74,75,198,90,108,PIRQUE,CORDILLERA,132,13202
11870,,11870,METROPOLITANA DE SANTIAGO,13,37,347,161,186,135,66,69,212,95,117,PIRQUE,CORDILLERA,132,13202
11871,,11871,METROPOLITANA DE SANTIAGO,13,38,354,168,186,150,79,71,204,89,115,PIRQUE,CORDILLERA,132,13202
11872,,11872,METROPOLITANA DE SANTIAGO,13,39,326,174,152,140,76,64,186,98,88,PIRQUE,CORDILLERA,132,13202
11873,,11873,METROPOLITANA DE SANTIAGO,13,40,326,160,166,146,74,72,180,86,94,PIRQUE,CORDILLERA,132,13202
11874,,11874,METROPOLITANA DE SANTIAGO,13,41,382,189,193,153,70,83,229,119,110,PIRQUE,CORDILLERA,132,13202
11875,,11875,METROPOLITANA DE SANTIAGO,13,42,374,197,177,144,85,59,230,112,118,PIRQUE,CORDILLERA,132,13202
11876,,11876,METROPOLITANA DE SANTIAGO,13,43,390,191,199,166,79,87,224,112,112,PIRQUE,CORDILLERA,132,13202
11877,,11877,METROPOLITANA DE SANTIAGO,13,44,334,153,181,142,59,83,192,94,98,PIRQUE,CORDILLERA,132,13202
11878,,11878,METROPOLITANA DE SANTIAGO,13,45,363,174,189,147,73,74,216,101,115,PIRQUE,CORDILLERA,132,13202
11879,,11879,METROPOLITANA DE SANTIAGO,13,46,366,193,173,155,82,73,211,111,100,PIRQUE,CORDILLERA,132,13202
11880,,11880,METROPOLITANA DE SANTIAGO,13,47,378,171,207,157,78,79,221,93,128,PIRQUE,CORDILLERA,132,13202
11881,,11881,METROPOLITANA DE SANTIAGO,13,48,382,195,187,162,85,77,220,110,110,PIRQUE,CORDILLERA,132,13202
11882,,11882,METROPOLITANA DE SANTIAGO,13,49,355,173,182,155,79,76,200,94,106,PIRQUE,CORDILLERA,132,13202
11883,,11883,METROPOLITANA DE SANTIAGO,13,50,390,185,205,171,73,98,219,112,107,PIRQUE,CORDILLERA,132,13202
11884,,11884,METROPOLITANA DE SANTIAGO,13,51,401,200,201,179,87,92,222,113,109,PIRQUE,CORDILLERA,132,13202
11885,,11885,METROPOLITANA DE SANTIAGO,13,52,422,202,220,177,79,98,245,123,122,PIRQUE,CORDILLERA,132,13202
11886,,11886,METROPOLITANA DE SANTIAGO,13,53,413,208,205,186,98,88,227,110,117,PIRQUE,CORDILLERA,132,13202
11887,,11887,METROPOLITANA DE SANTIAGO,13,54,427,229,198,196,98,98,231,131,100,PIRQUE,CORDILLERA,132,13202
11888,,11888,METROPOLITANA DE SANTIAGO,13,55,373,194,179,163,86,77,210,108,102,PIRQUE,CORDILLERA,132,13202
11889,,11889,METROPOLITANA DE SANTIAGO,13,56,344,178,166,148,65,83,196,113,83,PIRQUE,CORDILLERA,132,13202
11890,,11890,METROPOLITANA DE SANTIAGO,13,57,370,192,178,154,87,67,216,105,111,PIRQUE,CORDILLERA,132,13202
11891,,11891,METROPOLITANA DE SANTIAGO,13,58,314,166,148,120,69,51,194,97,97,PIRQUE,CORDILLERA,132,13202
11892,,11892,METROPOLITANA DE SANTIAGO,13,59,291,156,135,117,67,50,174,89,85,PIRQUE,CORDILLERA,132,13202
11893,,11893,METROPOLITANA DE SANTIAGO,13,60,305,177,128,123,72,51,182,105,77,PIRQUE,CORDILLERA,132,13202
11894,,11894,METROPOLITANA DE SANTIAGO,13,61,282,152,130,112,62,50,170,90,80,PIRQUE,CORDILLERA,132,13202
11895,,11895,METROPOLITANA DE SANTIAGO,13,62,242,110,132,99,40,59,143,70,73,PIRQUE,CORDILLERA,132,13202
11896,,11896,METROPOLITANA DE SANTIAGO,13,63,253,114,139,92,48,44,161,66,95,PIRQUE,CORDILLERA,132,13202
11897,,11897,METROPOLITANA DE SANTIAGO,13,64,221,125,96,96,55,41,125,70,55,PIRQUE,CORDILLERA,132,13202
11898,,11898,METROPOLITANA DE SANTIAGO,13,65,205,102,103,78,44,34,127,58,69,PIRQUE,CORDILLERA,132,13202
11899,,11899,METROPOLITANA DE SANTIAGO,13,66,226,123,103,99,48,51,127,75,52,PIRQUE,CORDILLERA,132,13202
11900,,11900,METROPOLITANA DE SANTIAGO,13,67,171,83,88,77,34,43,94,49,45,PIRQUE,CORDILLERA,132,13202
11901,,11901,METROPOLITANA DE SANTIAGO,13,68,180,93,87,74,38,36,106,55,51,PIRQUE,CORDILLERA,132,13202
11902,,11902,METROPOLITANA DE SANTIAGO,13,69,159,83,76,64,30,34,95,53,42,PIRQUE,CORDILLERA,132,13202
11903,,11903,METROPOLITANA DE SANTIAGO,13,70,142,69,73,63,33,30,79,36,43,PIRQUE,CORDILLERA,132,13202
11904,,11904,METROPOLITANA DE SANTIAGO,13,71,156,90,66,66,35,31,90,55,35,PIRQUE,CORDILLERA,132,13202
11905,,11905,METROPOLITANA DE SANTIAGO,13,72,149,83,66,65,38,27,84,45,39,PIRQUE,CORDILLERA,132,13202
11906,,11906,METROPOLITANA DE SANTIAGO,13,73,130,79,51,63,37,26,67,42,25,PIRQUE,CORDILLERA,132,13202
11907,,11907,METROPOLITANA DE SANTIAGO,13,74,130,62,68,54,25,29,76,37,39,PIRQUE,CORDILLERA,132,13202
11908,,11908,METROPOLITANA DE SANTIAGO,13,75,108,47,61,51,22,29,57,25,32,PIRQUE,CORDILLERA,132,13202
11909,,11909,METROPOLITANA DE SANTIAGO,13,76,109,58,51,47,26,21,62,32,30,PIRQUE,CORDILLERA,132,13202
11910,,11910,METROPOLITANA DE SANTIAGO,13,77,89,52,37,45,23,22,44,29,15,PIRQUE,CORDILLERA,132,13202
11911,,11911,METROPOLITANA DE SANTIAGO,13,78,74,36,38,32,18,14,42,18,24,PIRQUE,CORDILLERA,132,13202
11912,,11912,METROPOLITANA DE SANTIAGO,13,79,74,35,39,35,15,20,39,20,19,PIRQUE,CORDILLERA,132,13202
11913,,11913,METROPOLITANA DE SANTIAGO,13,80,76,29,47,40,15,25,36,14,22,PIRQUE,CORDILLERA,132,13202
11914,,11914,METROPOLITANA DE SANTIAGO,13,81,64,22,42,22,6,16,42,16,26,PIRQUE,CORDILLERA,132,13202
11915,,11915,METROPOLITANA DE SANTIAGO,13,82,60,23,37,26,11,15,34,12,22,PIRQUE,CORDILLERA,132,13202
11916,,11916,METROPOLITANA DE SANTIAGO,13,83,50,19,31,18,7,11,32,12,20,PIRQUE,CORDILLERA,132,13202
11917,,11917,METROPOLITANA DE SANTIAGO,13,84,44,23,21,14,8,6,30,15,15,PIRQUE,CORDILLERA,132,13202
11918,,11918,METROPOLITANA DE SANTIAGO,13,85,53,29,24,19,11,8,34,18,16,PIRQUE,CORDILLERA,132,13202
11919,,11919,METROPOLITANA DE SANTIAGO,13,86,41,23,18,9,6,3,32,17,15,PIRQUE,CORDILLERA,132,13202
11920,,11920,METROPOLITANA DE SANTIAGO,13,87,32,10,22,9,3,6,23,7,16,PIRQUE,CORDILLERA,132,13202
11921,,11921,METROPOLITANA DE SANTIAGO,13,88,28,11,17,13,7,6,15,4,11,PIRQUE,CORDILLERA,132,13202
11922,,11922,METROPOLITANA DE SANTIAGO,13,89,30,8,22,13,2,11,17,6,11,PIRQUE,CORDILLERA,132,13202
11923,,11923,METROPOLITANA DE SANTIAGO,13,90,22,9,13,8,5,3,14,4,10,PIRQUE,CORDILLERA,132,13202
11924,,11924,METROPOLITANA DE SANTIAGO,13,91,20,7,13,6,1,5,14,6,8,PIRQUE,CORDILLERA,132,13202
11925,,11925,METROPOLITANA DE SANTIAGO,13,92,14,4,10,6,2,4,8,2,6,PIRQUE,CORDILLERA,132,13202
11926,,11926,METROPOLITANA DE SANTIAGO,13,93,11,6,5,6,3,3,5,3,2,PIRQUE,CORDILLERA,132,13202
11927,,11927,METROPOLITANA DE SANTIAGO,13,94,11,4,7,5,2,3,6,2,4,PIRQUE,CORDILLERA,132,13202
11928,,11928,METROPOLITANA DE SANTIAGO,13,95,1,0,1,0,0,0,1,0,1,PIRQUE,CORDILLERA,132,13202
11929,,11929,METROPOLITANA DE SANTIAGO,13,96,3,1,2,0,0,0,3,1,2,PIRQUE,CORDILLERA,132,13202
11930,,11930,METROPOLITANA DE SANTIAGO,13,97,5,2,3,1,1,0,4,1,3,PIRQUE,CORDILLERA,132,13202
11931,,11931,METROPOLITANA DE SANTIAGO,13,98,3,0,3,1,0,1,2,0,2,PIRQUE,CORDILLERA,132,13202
11932,,11932,METROPOLITANA DE SANTIAGO,13,99,0,0,0,0,0,0,0,0,0,PIRQUE,CORDILLERA,132,13202
11933,,11933,METROPOLITANA DE SANTIAGO,13,100 o más,7,4,3,3,1,2,4,3,1,PIRQUE,CORDILLERA,132,13202
11934,,11934,METROPOLITANA DE SANTIAGO,13,Total Comuna,18189,9861,8328,11208,5628,5580,6981,4233,2748,SAN JOSÉ DE MAIPO,CORDILLERA,132,13203
11935,,11935,METROPOLITANA DE SANTIAGO,13,0,205,116,89,125,76,49,80,40,40,SAN JOSÉ DE MAIPO,CORDILLERA,132,13203
11936,,11936,METROPOLITANA DE SANTIAGO,13,1,204,107,97,127,63,64,77,44,33,SAN JOSÉ DE MAIPO,CORDILLERA,132,13203
11937,,11937,METROPOLITANA DE SANTIAGO,13,2,219,124,95,133,82,51,86,42,44,SAN JOSÉ DE MAIPO,CORDILLERA,132,13203
11938,,11938,METROPOLITANA DE SANTIAGO,13,3,216,100,116,151,67,84,65,33,32,SAN JOSÉ DE MAIPO,CORDILLERA,132,13203
11939,,11939,METROPOLITANA DE SANTIAGO,13,4,208,119,89,131,78,53,77,41,36,SAN JOSÉ DE MAIPO,CORDILLERA,132,13203
11940,,11940,METROPOLITANA DE SANTIAGO,13,5,189,93,96,128,61,67,61,32,29,SAN JOSÉ DE MAIPO,CORDILLERA,132,13203
11941,,11941,METROPOLITANA DE SANTIAGO,13,6,222,118,104,148,79,69,74,39,35,SAN JOSÉ DE MAIPO,CORDILLERA,132,13203
11942,,11942,METROPOLITANA DE SANTIAGO,13,7,218,112,106,144,69,75,74,43,31,SAN JOSÉ DE MAIPO,CORDILLERA,132,13203
11943,,11943,METROPOLITANA DE SANTIAGO,13,8,229,109,120,142,73,69,87,36,51,SAN JOSÉ DE MAIPO,CORDILLERA,132,13203
11944,,11944,METROPOLITANA DE SANTIAGO,13,9,217,106,111,152,72,80,65,34,31,SAN JOSÉ DE MAIPO,CORDILLERA,132,13203
11945,,11945,METROPOLITANA DE SANTIAGO,13,10,236,120,116,160,88,72,76,32,44,SAN JOSÉ DE MAIPO,CORDILLERA,132,13203
11946,,11946,METROPOLITANA DE SANTIAGO,13,11,209,117,92,148,79,69,61,38,23,SAN JOSÉ DE MAIPO,CORDILLERA,132,13203
11947,,11947,METROPOLITANA DE SANTIAGO,13,12,208,108,100,129,69,60,79,39,40,SAN JOSÉ DE MAIPO,CORDILLERA,132,13203
11948,,11948,METROPOLITANA DE SANTIAGO,13,13,230,117,113,163,86,77,67,31,36,SAN JOSÉ DE MAIPO,CORDILLERA,132,13203
11949,,11949,METROPOLITANA DE SANTIAGO,13,14,239,134,105,148,92,56,91,42,49,SAN JOSÉ DE MAIPO,CORDILLERA,132,13203
11950,,11950,METROPOLITANA DE SANTIAGO,13,15,224,111,113,156,76,80,68,35,33,SAN JOSÉ DE MAIPO,CORDILLERA,132,13203
11951,,11951,METROPOLITANA DE SANTIAGO,13,16,251,142,109,162,94,68,89,48,41,SAN JOSÉ DE MAIPO,CORDILLERA,132,13203
11952,,11952,METROPOLITANA DE SANTIAGO,13,17,227,111,116,159,75,84,68,36,32,SAN JOSÉ DE MAIPO,CORDILLERA,132,13203
11953,,11953,METROPOLITANA DE SANTIAGO,13,18,215,105,110,141,67,74,74,38,36,SAN JOSÉ DE MAIPO,CORDILLERA,132,13203
11954,,11954,METROPOLITANA DE SANTIAGO,13,19,204,104,100,137,64,73,67,40,27,SAN JOSÉ DE MAIPO,CORDILLERA,132,13203
11955,,11955,METROPOLITANA DE SANTIAGO,13,20,244,116,128,166,72,94,78,44,34,SAN JOSÉ DE MAIPO,CORDILLERA,132,13203
11956,,11956,METROPOLITANA DE SANTIAGO,13,21,245,129,116,158,80,78,87,49,38,SAN JOSÉ DE MAIPO,CORDILLERA,132,13203
11957,,11957,METROPOLITANA DE SANTIAGO,13,22,277,145,132,173,93,80,104,52,52,SAN JOSÉ DE MAIPO,CORDILLERA,132,13203
11958,,11958,METROPOLITANA DE SANTIAGO,13,23,265,160,105,169,99,70,96,61,35,SAN JOSÉ DE MAIPO,CORDILLERA,132,13203
11959,,11959,METROPOLITANA DE SANTIAGO,13,24,271,122,149,172,75,97,99,47,52,SAN JOSÉ DE MAIPO,CORDILLERA,132,13203
11960,,11960,METROPOLITANA DE SANTIAGO,13,25,303,176,127,184,102,82,119,74,45,SAN JOSÉ DE MAIPO,CORDILLERA,132,13203
11961,,11961,METROPOLITANA DE SANTIAGO,13,26,338,189,149,211,102,109,127,87,40,SAN JOSÉ DE MAIPO,CORDILLERA,132,13203
11962,,11962,METROPOLITANA DE SANTIAGO,13,27,268,152,116,151,78,73,117,74,43,SAN JOSÉ DE MAIPO,CORDILLERA,132,13203
11963,,11963,METROPOLITANA DE SANTIAGO,13,28,307,183,124,166,93,73,141,90,51,SAN JOSÉ DE MAIPO,CORDILLERA,132,13203
11964,,11964,METROPOLITANA DE SANTIAGO,13,29,275,132,143,159,69,90,116,63,53,SAN JOSÉ DE MAIPO,CORDILLERA,132,13203
11965,,11965,METROPOLITANA DE SANTIAGO,13,30,270,161,109,147,78,69,123,83,40,SAN JOSÉ DE MAIPO,CORDILLERA,132,13203
11966,,11966,METROPOLITANA DE SANTIAGO,13,31,279,167,112,160,91,69,119,76,43,SAN JOSÉ DE MAIPO,CORDILLERA,132,13203
11967,,11967,METROPOLITANA DE SANTIAGO,13,32,265,151,114,145,76,69,120,75,45,SAN JOSÉ DE MAIPO,CORDILLERA,132,13203
11968,,11968,METROPOLITANA DE SANTIAGO,13,33,263,157,106,146,81,65,117,76,41,SAN JOSÉ DE MAIPO,CORDILLERA,132,13203
11969,,11969,METROPOLITANA DE SANTIAGO,13,34,290,178,112,154,82,72,136,96,40,SAN JOSÉ DE MAIPO,CORDILLERA,132,13203
11970,,11970,METROPOLITANA DE SANTIAGO,13,35,306,166,140,167,82,85,139,84,55,SAN JOSÉ DE MAIPO,CORDILLERA,132,13203
11971,,11971,METROPOLITANA DE SANTIAGO,13,36,289,167,122,160,80,80,129,87,42,SAN JOSÉ DE MAIPO,CORDILLERA,132,13203
11972,,11972,METROPOLITANA DE SANTIAGO,13,37,280,155,125,167,76,91,113,79,34,SAN JOSÉ DE MAIPO,CORDILLERA,132,13203
11973,,11973,METROPOLITANA DE SANTIAGO,13,38,305,185,120,171,86,85,134,99,35,SAN JOSÉ DE MAIPO,CORDILLERA,132,13203
11974,,11974,METROPOLITANA DE SANTIAGO,13,39,263,164,99,145,82,63,118,82,36,SAN JOSÉ DE MAIPO,CORDILLERA,132,13203
11975,,11975,METROPOLITANA DE SANTIAGO,13,40,298,186,112,162,85,77,136,101,35,SAN JOSÉ DE MAIPO,CORDILLERA,132,13203
11976,,11976,METROPOLITANA DE SANTIAGO,13,41,276,160,116,144,69,75,132,91,41,SAN JOSÉ DE MAIPO,CORDILLERA,132,13203
11977,,11977,METROPOLITANA DE SANTIAGO,13,42,280,149,131,166,82,84,114,67,47,SAN JOSÉ DE MAIPO,CORDILLERA,132,13203
11978,,11978,METROPOLITANA DE SANTIAGO,13,43,278,173,105,164,94,70,114,79,35,SAN JOSÉ DE MAIPO,CORDILLERA,132,13203
11979,,11979,METROPOLITANA DE SANTIAGO,13,44,303,186,117,169,88,81,134,98,36,SAN JOSÉ DE MAIPO,CORDILLERA,132,13203
11980,,11980,METROPOLITANA DE SANTIAGO,13,45,292,173,119,159,82,77,133,91,42,SAN JOSÉ DE MAIPO,CORDILLERA,132,13203
11981,,11981,METROPOLITANA DE SANTIAGO,13,46,263,148,115,165,83,82,98,65,33,SAN JOSÉ DE MAIPO,CORDILLERA,132,13203
11982,,11982,METROPOLITANA DE SANTIAGO,13,47,267,148,119,140,64,76,127,84,43,SAN JOSÉ DE MAIPO,CORDILLERA,132,13203
11983,,11983,METROPOLITANA DE SANTIAGO,13,48,283,168,115,175,97,78,108,71,37,SAN JOSÉ DE MAIPO,CORDILLERA,132,13203
11984,,11984,METROPOLITANA DE SANTIAGO,13,49,275,162,113,160,87,73,115,75,40,SAN JOSÉ DE MAIPO,CORDILLERA,132,13203
11985,,11985,METROPOLITANA DE SANTIAGO,13,50,241,145,96,136,71,65,105,74,31,SAN JOSÉ DE MAIPO,CORDILLERA,132,13203
11986,,11986,METROPOLITANA DE SANTIAGO,13,51,246,147,99,136,69,67,110,78,32,SAN JOSÉ DE MAIPO,CORDILLERA,132,13203
11987,,11987,METROPOLITANA DE SANTIAGO,13,52,266,157,109,150,75,75,116,82,34,SAN JOSÉ DE MAIPO,CORDILLERA,132,13203
11988,,11988,METROPOLITANA DE SANTIAGO,13,53,268,146,122,153,73,80,115,73,42,SAN JOSÉ DE MAIPO,CORDILLERA,132,13203
11989,,11989,METROPOLITANA DE SANTIAGO,13,54,277,149,128,170,87,83,107,62,45,SAN JOSÉ DE MAIPO,CORDILLERA,132,13203
11990,,11990,METROPOLITANA DE SANTIAGO,13,55,252,134,118,147,70,77,105,64,41,SAN JOSÉ DE MAIPO,CORDILLERA,132,13203
11991,,11991,METROPOLITANA DE SANTIAGO,13,56,240,134,106,153,79,74,87,55,32,SAN JOSÉ DE MAIPO,CORDILLERA,132,13203
11992,,11992,METROPOLITANA DE SANTIAGO,13,57,228,123,105,143,69,74,85,54,31,SAN JOSÉ DE MAIPO,CORDILLERA,132,13203
11993,,11993,METROPOLITANA DE SANTIAGO,13,58,237,122,115,132,63,69,105,59,46,SAN JOSÉ DE MAIPO,CORDILLERA,132,13203
11994,,11994,METROPOLITANA DE SANTIAGO,13,59,206,114,92,114,54,60,92,60,32,SAN JOSÉ DE MAIPO,CORDILLERA,132,13203
11995,,11995,METROPOLITANA DE SANTIAGO,13,60,208,105,103,132,62,70,76,43,33,SAN JOSÉ DE MAIPO,CORDILLERA,132,13203
11996,,11996,METROPOLITANA DE SANTIAGO,13,61,190,96,94,115,51,64,75,45,30,SAN JOSÉ DE MAIPO,CORDILLERA,132,13203
11997,,11997,METROPOLITANA DE SANTIAGO,13,62,204,110,94,141,76,65,63,34,29,SAN JOSÉ DE MAIPO,CORDILLERA,132,13203
11998,,11998,METROPOLITANA DE SANTIAGO,13,63,169,88,81,110,47,63,59,41,18,SAN JOSÉ DE MAIPO,CORDILLERA,132,13203
11999,,11999,METROPOLITANA DE SANTIAGO,13,64,166,88,78,106,54,52,60,34,26,SAN JOSÉ DE MAIPO,CORDILLERA,132,13203
12000,,12000,METROPOLITANA DE SANTIAGO,13,65,120,63,57,81,38,43,39,25,14,SAN JOSÉ DE MAIPO,CORDILLERA,132,13203
12001,,12001,METROPOLITANA DE SANTIAGO,13,66,129,61,68,84,34,50,45,27,18,SAN JOSÉ DE MAIPO,CORDILLERA,132,13203
12002,,12002,METROPOLITANA DE SANTIAGO,13,67,129,67,62,86,43,43,43,24,19,SAN JOSÉ DE MAIPO,CORDILLERA,132,13203
12003,,12003,METROPOLITANA DE SANTIAGO,13,68,134,54,80,90,31,59,44,23,21,SAN JOSÉ DE MAIPO,CORDILLERA,132,13203
12004,,12004,METROPOLITANA DE SANTIAGO,13,69,133,72,61,93,51,42,40,21,19,SAN JOSÉ DE MAIPO,CORDILLERA,132,13203
12005,,12005,METROPOLITANA DE SANTIAGO,13,70,107,55,52,77,36,41,30,19,11,SAN JOSÉ DE MAIPO,CORDILLERA,132,13203
12006,,12006,METROPOLITANA DE SANTIAGO,13,71,105,50,55,74,30,44,31,20,11,SAN JOSÉ DE MAIPO,CORDILLERA,132,13203
12007,,12007,METROPOLITANA DE SANTIAGO,13,72,123,54,69,84,38,46,39,16,23,SAN JOSÉ DE MAIPO,CORDILLERA,132,13203
12008,,12008,METROPOLITANA DE SANTIAGO,13,73,115,54,61,82,38,44,33,16,17,SAN JOSÉ DE MAIPO,CORDILLERA,132,13203
12009,,12009,METROPOLITANA DE SANTIAGO,13,74,93,56,37,63,37,26,30,19,11,SAN JOSÉ DE MAIPO,CORDILLERA,132,13203
12010,,12010,METROPOLITANA DE SANTIAGO,13,75,77,35,42,50,19,31,27,16,11,SAN JOSÉ DE MAIPO,CORDILLERA,132,13203
12011,,12011,METROPOLITANA DE SANTIAGO,13,76,66,27,39,51,20,31,15,7,8,SAN JOSÉ DE MAIPO,CORDILLERA,132,13203
12012,,12012,METROPOLITANA DE SANTIAGO,13,77,78,28,50,51,19,32,27,9,18,SAN JOSÉ DE MAIPO,CORDILLERA,132,13203
12013,,12013,METROPOLITANA DE SANTIAGO,13,78,64,32,32,49,25,24,15,7,8,SAN JOSÉ DE MAIPO,CORDILLERA,132,13203
12014,,12014,METROPOLITANA DE SANTIAGO,13,79,65,23,42,37,12,25,28,11,17,SAN JOSÉ DE MAIPO,CORDILLERA,132,13203
12015,,12015,METROPOLITANA DE SANTIAGO,13,80,62,32,30,46,26,20,16,6,10,SAN JOSÉ DE MAIPO,CORDILLERA,132,13203
12016,,12016,METROPOLITANA DE SANTIAGO,13,81,43,20,23,30,15,15,13,5,8,SAN JOSÉ DE MAIPO,CORDILLERA,132,13203
12017,,12017,METROPOLITANA DE SANTIAGO,13,82,54,27,27,41,19,22,13,8,5,SAN JOSÉ DE MAIPO,CORDILLERA,132,13203
12018,,12018,METROPOLITANA DE SANTIAGO,13,83,41,16,25,29,11,18,12,5,7,SAN JOSÉ DE MAIPO,CORDILLERA,132,13203
12019,,12019,METROPOLITANA DE SANTIAGO,13,84,37,17,20,29,13,16,8,4,4,SAN JOSÉ DE MAIPO,CORDILLERA,132,13203
12020,,12020,METROPOLITANA DE SANTIAGO,13,85,37,13,24,28,8,20,9,5,4,SAN JOSÉ DE MAIPO,CORDILLERA,132,13203
12021,,12021,METROPOLITANA DE SANTIAGO,13,86,38,17,21,30,13,17,8,4,4,SAN JOSÉ DE MAIPO,CORDILLERA,132,13203
12022,,12022,METROPOLITANA DE SANTIAGO,13,87,34,10,24,27,6,21,7,4,3,SAN JOSÉ DE MAIPO,CORDILLERA,132,13203
12023,,12023,METROPOLITANA DE SANTIAGO,13,88,26,11,15,18,7,11,8,4,4,SAN JOSÉ DE MAIPO,CORDILLERA,132,13203
12024,,12024,METROPOLITANA DE SANTIAGO,13,89,24,8,16,20,6,14,4,2,2,SAN JOSÉ DE MAIPO,CORDILLERA,132,13203
12025,,12025,METROPOLITANA DE SANTIAGO,13,90,16,6,10,14,5,9,2,1,1,SAN JOSÉ DE MAIPO,CORDILLERA,132,13203
12026,,12026,METROPOLITANA DE SANTIAGO,13,91,11,3,8,9,1,8,2,2,0,SAN JOSÉ DE MAIPO,CORDILLERA,132,13203
12027,,12027,METROPOLITANA DE SANTIAGO,13,92,11,4,7,11,4,7,0,0,0,SAN JOSÉ DE MAIPO,CORDILLERA,132,13203
12028,,12028,METROPOLITANA DE SANTIAGO,13,93,6,3,3,6,3,3,0,0,0,SAN JOSÉ DE MAIPO,CORDILLERA,132,13203
12029,,12029,METROPOLITANA DE SANTIAGO,13,94,7,2,5,5,1,4,2,1,1,SAN JOSÉ DE MAIPO,CORDILLERA,132,13203
12030,,12030,METROPOLITANA DE SANTIAGO,13,95,3,0,3,3,0,3,0,0,0,SAN JOSÉ DE MAIPO,CORDILLERA,132,13203
12031,,12031,METROPOLITANA DE SANTIAGO,13,96,3,0,3,3,0,3,0,0,0,SAN JOSÉ DE MAIPO,CORDILLERA,132,13203
12032,,12032,METROPOLITANA DE SANTIAGO,13,97,4,0,4,3,0,3,1,0,1,SAN JOSÉ DE MAIPO,CORDILLERA,132,13203
12033,,12033,METROPOLITANA DE SANTIAGO,13,98,2,0,2,2,0,2,0,0,0,SAN JOSÉ DE MAIPO,CORDILLERA,132,13203
12034,,12034,METROPOLITANA DE SANTIAGO,13,99,1,1,0,1,1,0,0,0,0,SAN JOSÉ DE MAIPO,CORDILLERA,132,13203
12035,,12035,METROPOLITANA DE SANTIAGO,13,100 o más,5,1,4,4,0,4,1,1,0,SAN JOSÉ DE MAIPO,CORDILLERA,132,13203
12036,,12036,METROPOLITANA DE SANTIAGO,13,Total Comuna,146207,74635,71572,118018,60695,57323,28189,13940,14249,COLINA,CHACABUCO,133,13301
12037,,12037,METROPOLITANA DE SANTIAGO,13,0,2232,1117,1115,1933,952,981,299,165,134,COLINA,CHACABUCO,133,13301
12038,,12038,METROPOLITANA DE SANTIAGO,13,1,2720,1383,1337,2340,1182,1158,380,201,179,COLINA,CHACABUCO,133,13301
12039,,12039,METROPOLITANA DE SANTIAGO,13,2,2690,1356,1334,2237,1125,1112,453,231,222,COLINA,CHACABUCO,133,13301
12040,,12040,METROPOLITANA DE SANTIAGO,13,3,2724,1373,1351,2303,1162,1141,421,211,210,COLINA,CHACABUCO,133,13301
12041,,12041,METROPOLITANA DE SANTIAGO,13,4,2840,1498,1342,2358,1240,1118,482,258,224,COLINA,CHACABUCO,133,13301
12042,,12042,METROPOLITANA DE SANTIAGO,13,5,2841,1457,1384,2347,1196,1151,494,261,233,COLINA,CHACABUCO,133,13301
12043,,12043,METROPOLITANA DE SANTIAGO,13,6,2824,1451,1373,2307,1183,1124,517,268,249,COLINA,CHACABUCO,133,13301
12044,,12044,METROPOLITANA DE SANTIAGO,13,7,2719,1404,1315,2192,1129,1063,527,275,252,COLINA,CHACABUCO,133,13301
12045,,12045,METROPOLITANA DE SANTIAGO,13,8,2732,1385,1347,2152,1099,1053,580,286,294,COLINA,CHACABUCO,133,13301
12046,,12046,METROPOLITANA DE SANTIAGO,13,9,2522,1313,1209,1975,1033,942,547,280,267,COLINA,CHACABUCO,133,13301
12047,,12047,METROPOLITANA DE SANTIAGO,13,10,2413,1259,1154,1884,989,895,529,270,259,COLINA,CHACABUCO,133,13301
12048,,12048,METROPOLITANA DE SANTIAGO,13,11,2423,1249,1174,1881,957,924,542,292,250,COLINA,CHACABUCO,133,13301
12049,,12049,METROPOLITANA DE SANTIAGO,13,12,2253,1163,1090,1714,876,838,539,287,252,COLINA,CHACABUCO,133,13301
12050,,12050,METROPOLITANA DE SANTIAGO,13,13,2220,1158,1062,1690,883,807,530,275,255,COLINA,CHACABUCO,133,13301
12051,,12051,METROPOLITANA DE SANTIAGO,13,14,2228,1139,1089,1673,850,823,555,289,266,COLINA,CHACABUCO,133,13301
12052,,12052,METROPOLITANA DE SANTIAGO,13,15,2290,1173,1117,1713,878,835,577,295,282,COLINA,CHACABUCO,133,13301
12053,,12053,METROPOLITANA DE SANTIAGO,13,16,2314,1169,1145,1754,896,858,560,273,287,COLINA,CHACABUCO,133,13301
12054,,12054,METROPOLITANA DE SANTIAGO,13,17,2181,1111,1070,1620,847,773,561,264,297,COLINA,CHACABUCO,133,13301
12055,,12055,METROPOLITANA DE SANTIAGO,13,18,2206,1161,1045,1751,921,830,455,240,215,COLINA,CHACABUCO,133,13301
12056,,12056,METROPOLITANA DE SANTIAGO,13,19,2153,1116,1037,1721,897,824,432,219,213,COLINA,CHACABUCO,133,13301
12057,,12057,METROPOLITANA DE SANTIAGO,13,20,2181,1221,960,1719,968,751,462,253,209,COLINA,CHACABUCO,133,13301
12058,,12058,METROPOLITANA DE SANTIAGO,13,21,2204,1199,1005,1777,988,789,427,211,216,COLINA,CHACABUCO,133,13301
12059,,12059,METROPOLITANA DE SANTIAGO,13,22,2193,1159,1034,1788,967,821,405,192,213,COLINA,CHACABUCO,133,13301
12060,,12060,METROPOLITANA DE SANTIAGO,13,23,2245,1215,1030,1860,1005,855,385,210,175,COLINA,CHACABUCO,133,13301
12061,,12061,METROPOLITANA DE SANTIAGO,13,24,2241,1233,1008,1885,1046,839,356,187,169,COLINA,CHACABUCO,133,13301
12062,,12062,METROPOLITANA DE SANTIAGO,13,25,2196,1215,981,1882,1053,829,314,162,152,COLINA,CHACABUCO,133,13301
12063,,12063,METROPOLITANA DE SANTIAGO,13,26,2337,1267,1070,2023,1112,911,314,155,159,COLINA,CHACABUCO,133,13301
12064,,12064,METROPOLITANA DE SANTIAGO,13,27,2193,1181,1012,1907,1038,869,286,143,143,COLINA,CHACABUCO,133,13301
12065,,12065,METROPOLITANA DE SANTIAGO,13,28,2174,1141,1033,1920,1030,890,254,111,143,COLINA,CHACABUCO,133,13301
12066,,12066,METROPOLITANA DE SANTIAGO,13,29,2076,1120,956,1850,1014,836,226,106,120,COLINA,CHACABUCO,133,13301
12067,,12067,METROPOLITANA DE SANTIAGO,13,30,2141,1168,973,1905,1065,840,236,103,133,COLINA,CHACABUCO,133,13301
12068,,12068,METROPOLITANA DE SANTIAGO,13,31,2094,1093,1001,1838,969,869,256,124,132,COLINA,CHACABUCO,133,13301
12069,,12069,METROPOLITANA DE SANTIAGO,13,32,2098,1106,992,1859,991,868,239,115,124,COLINA,CHACABUCO,133,13301
12070,,12070,METROPOLITANA DE SANTIAGO,13,33,2142,1078,1064,1880,965,915,262,113,149,COLINA,CHACABUCO,133,13301
12071,,12071,METROPOLITANA DE SANTIAGO,13,34,2331,1167,1164,2062,1065,997,269,102,167,COLINA,CHACABUCO,133,13301
12072,,12072,METROPOLITANA DE SANTIAGO,13,35,2588,1309,1279,2245,1156,1089,343,153,190,COLINA,CHACABUCO,133,13301
12073,,12073,METROPOLITANA DE SANTIAGO,13,36,2556,1267,1289,2199,1103,1096,357,164,193,COLINA,CHACABUCO,133,13301
12074,,12074,METROPOLITANA DE SANTIAGO,13,37,2635,1296,1339,2268,1145,1123,367,151,216,COLINA,CHACABUCO,133,13301
12075,,12075,METROPOLITANA DE SANTIAGO,13,38,2422,1212,1210,2015,1044,971,407,168,239,COLINA,CHACABUCO,133,13301
12076,,12076,METROPOLITANA DE SANTIAGO,13,39,2395,1173,1222,1967,998,969,428,175,253,COLINA,CHACABUCO,133,13301
12077,,12077,METROPOLITANA DE SANTIAGO,13,40,2376,1177,1199,1900,958,942,476,219,257,COLINA,CHACABUCO,133,13301
12078,,12078,METROPOLITANA DE SANTIAGO,13,41,2450,1196,1254,1981,1015,966,469,181,288,COLINA,CHACABUCO,133,13301
12079,,12079,METROPOLITANA DE SANTIAGO,13,42,2505,1256,1249,2009,1027,982,496,229,267,COLINA,CHACABUCO,133,13301
12080,,12080,METROPOLITANA DE SANTIAGO,13,43,2586,1311,1275,2027,1054,973,559,257,302,COLINA,CHACABUCO,133,13301
12081,,12081,METROPOLITANA DE SANTIAGO,13,44,2485,1283,1202,1909,994,915,576,289,287,COLINA,CHACABUCO,133,13301
12082,,12082,METROPOLITANA DE SANTIAGO,13,45,2329,1190,1139,1776,932,844,553,258,295,COLINA,CHACABUCO,133,13301
12083,,12083,METROPOLITANA DE SANTIAGO,13,46,2297,1165,1132,1715,868,847,582,297,285,COLINA,CHACABUCO,133,13301
12084,,12084,METROPOLITANA DE SANTIAGO,13,47,2045,1047,998,1530,794,736,515,253,262,COLINA,CHACABUCO,133,13301
12085,,12085,METROPOLITANA DE SANTIAGO,13,48,1951,1000,951,1456,748,708,495,252,243,COLINA,CHACABUCO,133,13301
12086,,12086,METROPOLITANA DE SANTIAGO,13,49,1791,880,911,1366,677,689,425,203,222,COLINA,CHACABUCO,133,13301
12087,,12087,METROPOLITANA DE SANTIAGO,13,50,1800,946,854,1397,758,639,403,188,215,COLINA,CHACABUCO,133,13301
12088,,12088,METROPOLITANA DE SANTIAGO,13,51,1744,858,886,1326,653,673,418,205,213,COLINA,CHACABUCO,133,13301
12089,,12089,METROPOLITANA DE SANTIAGO,13,52,1743,881,862,1300,656,644,443,225,218,COLINA,CHACABUCO,133,13301
12090,,12090,METROPOLITANA DE SANTIAGO,13,53,1651,824,827,1225,601,624,426,223,203,COLINA,CHACABUCO,133,13301
12091,,12091,METROPOLITANA DE SANTIAGO,13,54,1542,770,772,1173,566,607,369,204,165,COLINA,CHACABUCO,133,13301
12092,,12092,METROPOLITANA DE SANTIAGO,13,55,1440,743,697,1098,551,547,342,192,150,COLINA,CHACABUCO,133,13301
12093,,12093,METROPOLITANA DE SANTIAGO,13,56,1350,679,671,1063,527,536,287,152,135,COLINA,CHACABUCO,133,13301
12094,,12094,METROPOLITANA DE SANTIAGO,13,57,1247,616,631,994,481,513,253,135,118,COLINA,CHACABUCO,133,13301
12095,,12095,METROPOLITANA DE SANTIAGO,13,58,1226,605,621,952,457,495,274,148,126,COLINA,CHACABUCO,133,13301
12096,,12096,METROPOLITANA DE SANTIAGO,13,59,1120,517,603,860,394,466,260,123,137,COLINA,CHACABUCO,133,13301
12097,,12097,METROPOLITANA DE SANTIAGO,13,60,1131,574,557,902,452,450,229,122,107,COLINA,CHACABUCO,133,13301
12098,,12098,METROPOLITANA DE SANTIAGO,13,61,1039,502,537,840,408,432,199,94,105,COLINA,CHACABUCO,133,13301
12099,,12099,METROPOLITANA DE SANTIAGO,13,62,913,438,475,695,330,365,218,108,110,COLINA,CHACABUCO,133,13301
12100,,12100,METROPOLITANA DE SANTIAGO,13,63,882,444,438,703,344,359,179,100,79,COLINA,CHACABUCO,133,13301
12101,,12101,METROPOLITANA DE SANTIAGO,13,64,876,432,444,689,342,347,187,90,97,COLINA,CHACABUCO,133,13301
12102,,12102,METROPOLITANA DE SANTIAGO,13,65,761,362,399,619,286,333,142,76,66,COLINA,CHACABUCO,133,13301
12103,,12103,METROPOLITANA DE SANTIAGO,13,66,764,377,387,601,285,316,163,92,71,COLINA,CHACABUCO,133,13301
12104,,12104,METROPOLITANA DE SANTIAGO,13,67,639,320,319,510,246,264,129,74,55,COLINA,CHACABUCO,133,13301
12105,,12105,METROPOLITANA DE SANTIAGO,13,68,641,316,325,514,247,267,127,69,58,COLINA,CHACABUCO,133,13301
12106,,12106,METROPOLITANA DE SANTIAGO,13,69,622,320,302,484,257,227,138,63,75,COLINA,CHACABUCO,133,13301
12107,,12107,METROPOLITANA DE SANTIAGO,13,70,601,280,321,478,219,259,123,61,62,COLINA,CHACABUCO,133,13301
12108,,12108,METROPOLITANA DE SANTIAGO,13,71,490,238,252,385,188,197,105,50,55,COLINA,CHACABUCO,133,13301
12109,,12109,METROPOLITANA DE SANTIAGO,13,72,490,231,259,390,187,203,100,44,56,COLINA,CHACABUCO,133,13301
12110,,12110,METROPOLITANA DE SANTIAGO,13,73,426,199,227,292,135,157,134,64,70,COLINA,CHACABUCO,133,13301
12111,,12111,METROPOLITANA DE SANTIAGO,13,74,366,172,194,282,129,153,84,43,41,COLINA,CHACABUCO,133,13301
12112,,12112,METROPOLITANA DE SANTIAGO,13,75,330,145,185,262,115,147,68,30,38,COLINA,CHACABUCO,133,13301
12113,,12113,METROPOLITANA DE SANTIAGO,13,76,344,158,186,252,122,130,92,36,56,COLINA,CHACABUCO,133,13301
12114,,12114,METROPOLITANA DE SANTIAGO,13,77,259,116,143,195,87,108,64,29,35,COLINA,CHACABUCO,133,13301
12115,,12115,METROPOLITANA DE SANTIAGO,13,78,265,122,143,188,87,101,77,35,42,COLINA,CHACABUCO,133,13301
12116,,12116,METROPOLITANA DE SANTIAGO,13,79,212,91,121,159,66,93,53,25,28,COLINA,CHACABUCO,133,13301
12117,,12117,METROPOLITANA DE SANTIAGO,13,80,192,85,107,152,67,85,40,18,22,COLINA,CHACABUCO,133,13301
12118,,12118,METROPOLITANA DE SANTIAGO,13,81,174,75,99,136,55,81,38,20,18,COLINA,CHACABUCO,133,13301
12119,,12119,METROPOLITANA DE SANTIAGO,13,82,162,80,82,121,56,65,41,24,17,COLINA,CHACABUCO,133,13301
12120,,12120,METROPOLITANA DE SANTIAGO,13,83,159,56,103,119,39,80,40,17,23,COLINA,CHACABUCO,133,13301
12121,,12121,METROPOLITANA DE SANTIAGO,13,84,130,52,78,95,35,60,35,17,18,COLINA,CHACABUCO,133,13301
12122,,12122,METROPOLITANA DE SANTIAGO,13,85,107,39,68,80,28,52,27,11,16,COLINA,CHACABUCO,133,13301
12123,,12123,METROPOLITANA DE SANTIAGO,13,86,101,37,64,72,25,47,29,12,17,COLINA,CHACABUCO,133,13301
12124,,12124,METROPOLITANA DE SANTIAGO,13,87,100,30,70,74,22,52,26,8,18,COLINA,CHACABUCO,133,13301
12125,,12125,METROPOLITANA DE SANTIAGO,13,88,78,35,43,52,22,30,26,13,13,COLINA,CHACABUCO,133,13301
12126,,12126,METROPOLITANA DE SANTIAGO,13,89,67,26,41,45,19,26,22,7,15,COLINA,CHACABUCO,133,13301
12127,,12127,METROPOLITANA DE SANTIAGO,13,90,53,17,36,41,16,25,12,1,11,COLINA,CHACABUCO,133,13301
12128,,12128,METROPOLITANA DE SANTIAGO,13,91,39,11,28,30,8,22,9,3,6,COLINA,CHACABUCO,133,13301
12129,,12129,METROPOLITANA DE SANTIAGO,13,92,39,15,24,24,8,16,15,7,8,COLINA,CHACABUCO,133,13301
12130,,12130,METROPOLITANA DE SANTIAGO,13,93,22,8,14,19,7,12,3,1,2,COLINA,CHACABUCO,133,13301
12131,,12131,METROPOLITANA DE SANTIAGO,13,94,17,4,13,11,1,10,6,3,3,COLINA,CHACABUCO,133,13301
12132,,12132,METROPOLITANA DE SANTIAGO,13,95,19,5,14,17,5,12,2,0,2,COLINA,CHACABUCO,133,13301
12133,,12133,METROPOLITANA DE SANTIAGO,13,96,14,6,8,10,5,5,4,1,3,COLINA,CHACABUCO,133,13301
12134,,12134,METROPOLITANA DE SANTIAGO,13,97,11,3,8,8,3,5,3,0,3,COLINA,CHACABUCO,133,13301
12135,,12135,METROPOLITANA DE SANTIAGO,13,98,6,3,3,3,3,0,3,0,3,COLINA,CHACABUCO,133,13301
12136,,12136,METROPOLITANA DE SANTIAGO,13,99,5,3,2,4,2,2,1,1,0,COLINA,CHACABUCO,133,13301
12137,,12137,METROPOLITANA DE SANTIAGO,13,100 o más,16,9,7,14,9,5,2,0,2,COLINA,CHACABUCO,133,13301
12138,,12138,METROPOLITANA DE SANTIAGO,13,Total Comuna,102034,51545,50489,80761,40549,40212,21273,10996,10277,LAMPA,CHACABUCO,133,13302
12139,,12139,METROPOLITANA DE SANTIAGO,13,0,1597,823,774,1320,672,648,277,151,126,LAMPA,CHACABUCO,133,13302
12140,,12140,METROPOLITANA DE SANTIAGO,13,1,1913,1005,908,1591,834,757,322,171,151,LAMPA,CHACABUCO,133,13302
12141,,12141,METROPOLITANA DE SANTIAGO,13,2,1982,981,1001,1594,792,802,388,189,199,LAMPA,CHACABUCO,133,13302
12142,,12142,METROPOLITANA DE SANTIAGO,13,3,1877,990,887,1563,841,722,314,149,165,LAMPA,CHACABUCO,133,13302
12143,,12143,METROPOLITANA DE SANTIAGO,13,4,1899,982,917,1550,804,746,349,178,171,LAMPA,CHACABUCO,133,13302
12144,,12144,METROPOLITANA DE SANTIAGO,13,5,1865,962,903,1518,789,729,347,173,174,LAMPA,CHACABUCO,133,13302
12145,,12145,METROPOLITANA DE SANTIAGO,13,6,1936,1017,919,1570,824,746,366,193,173,LAMPA,CHACABUCO,133,13302
12146,,12146,METROPOLITANA DE SANTIAGO,13,7,1828,947,881,1481,772,709,347,175,172,LAMPA,CHACABUCO,133,13302
12147,,12147,METROPOLITANA DE SANTIAGO,13,8,1842,918,924,1498,754,744,344,164,180,LAMPA,CHACABUCO,133,13302
12148,,12148,METROPOLITANA DE SANTIAGO,13,9,1871,988,883,1524,811,713,347,177,170,LAMPA,CHACABUCO,133,13302
12149,,12149,METROPOLITANA DE SANTIAGO,13,10,1649,832,817,1335,673,662,314,159,155,LAMPA,CHACABUCO,133,13302
12150,,12150,METROPOLITANA DE SANTIAGO,13,11,1690,858,832,1376,692,684,314,166,148,LAMPA,CHACABUCO,133,13302
12151,,12151,METROPOLITANA DE SANTIAGO,13,12,1633,836,797,1331,679,652,302,157,145,LAMPA,CHACABUCO,133,13302
12152,,12152,METROPOLITANA DE SANTIAGO,13,13,1589,792,797,1268,622,646,321,170,151,LAMPA,CHACABUCO,133,13302
12153,,12153,METROPOLITANA DE SANTIAGO,13,14,1566,837,729,1279,675,604,287,162,125,LAMPA,CHACABUCO,133,13302
12154,,12154,METROPOLITANA DE SANTIAGO,13,15,1593,812,781,1269,646,623,324,166,158,LAMPA,CHACABUCO,133,13302
12155,,12155,METROPOLITANA DE SANTIAGO,13,16,1584,820,764,1249,637,612,335,183,152,LAMPA,CHACABUCO,133,13302
12156,,12156,METROPOLITANA DE SANTIAGO,13,17,1499,764,735,1180,590,590,319,174,145,LAMPA,CHACABUCO,133,13302
12157,,12157,METROPOLITANA DE SANTIAGO,13,18,1486,718,768,1159,556,603,327,162,165,LAMPA,CHACABUCO,133,13302
12158,,12158,METROPOLITANA DE SANTIAGO,13,19,1521,790,731,1191,612,579,330,178,152,LAMPA,CHACABUCO,133,13302
12159,,12159,METROPOLITANA DE SANTIAGO,13,20,1521,763,758,1242,625,617,279,138,141,LAMPA,CHACABUCO,133,13302
12160,,12160,METROPOLITANA DE SANTIAGO,13,21,1514,793,721,1188,625,563,326,168,158,LAMPA,CHACABUCO,133,13302
12161,,12161,METROPOLITANA DE SANTIAGO,13,22,1532,779,753,1232,617,615,300,162,138,LAMPA,CHACABUCO,133,13302
12162,,12162,METROPOLITANA DE SANTIAGO,13,23,1523,751,772,1235,609,626,288,142,146,LAMPA,CHACABUCO,133,13302
12163,,12163,METROPOLITANA DE SANTIAGO,13,24,1528,755,773,1189,578,611,339,177,162,LAMPA,CHACABUCO,133,13302
12164,,12164,METROPOLITANA DE SANTIAGO,13,25,1620,777,843,1295,608,687,325,169,156,LAMPA,CHACABUCO,133,13302
12165,,12165,METROPOLITANA DE SANTIAGO,13,26,1757,903,854,1428,731,697,329,172,157,LAMPA,CHACABUCO,133,13302
12166,,12166,METROPOLITANA DE SANTIAGO,13,27,1792,902,890,1484,743,741,308,159,149,LAMPA,CHACABUCO,133,13302
12167,,12167,METROPOLITANA DE SANTIAGO,13,28,1786,878,908,1485,725,760,301,153,148,LAMPA,CHACABUCO,133,13302
12168,,12168,METROPOLITANA DE SANTIAGO,13,29,1731,839,892,1453,708,745,278,131,147,LAMPA,CHACABUCO,133,13302
12169,,12169,METROPOLITANA DE SANTIAGO,13,30,1806,868,938,1518,717,801,288,151,137,LAMPA,CHACABUCO,133,13302
12170,,12170,METROPOLITANA DE SANTIAGO,13,31,1798,890,908,1517,748,769,281,142,139,LAMPA,CHACABUCO,133,13302
12171,,12171,METROPOLITANA DE SANTIAGO,13,32,1801,915,886,1510,763,747,291,152,139,LAMPA,CHACABUCO,133,13302
12172,,12172,METROPOLITANA DE SANTIAGO,13,33,1755,874,881,1475,729,746,280,145,135,LAMPA,CHACABUCO,133,13302
12173,,12173,METROPOLITANA DE SANTIAGO,13,34,1871,929,942,1602,791,811,269,138,131,LAMPA,CHACABUCO,133,13302
12174,,12174,METROPOLITANA DE SANTIAGO,13,35,1924,920,1004,1571,758,813,353,162,191,LAMPA,CHACABUCO,133,13302
12175,,12175,METROPOLITANA DE SANTIAGO,13,36,1776,881,895,1463,741,722,313,140,173,LAMPA,CHACABUCO,133,13302
12176,,12176,METROPOLITANA DE SANTIAGO,13,37,1786,872,914,1473,717,756,313,155,158,LAMPA,CHACABUCO,133,13302
12177,,12177,METROPOLITANA DE SANTIAGO,13,38,1610,797,813,1321,649,672,289,148,141,LAMPA,CHACABUCO,133,13302
12178,,12178,METROPOLITANA DE SANTIAGO,13,39,1651,813,838,1330,659,671,321,154,167,LAMPA,CHACABUCO,133,13302
12179,,12179,METROPOLITANA DE SANTIAGO,13,40,1579,807,772,1299,669,630,280,138,142,LAMPA,CHACABUCO,133,13302
12180,,12180,METROPOLITANA DE SANTIAGO,13,41,1529,770,759,1197,605,592,332,165,167,LAMPA,CHACABUCO,133,13302
12181,,12181,METROPOLITANA DE SANTIAGO,13,42,1631,777,854,1262,597,665,369,180,189,LAMPA,CHACABUCO,133,13302
12182,,12182,METROPOLITANA DE SANTIAGO,13,43,1604,819,785,1201,607,594,403,212,191,LAMPA,CHACABUCO,133,13302
12183,,12183,METROPOLITANA DE SANTIAGO,13,44,1522,828,694,1153,626,527,369,202,167,LAMPA,CHACABUCO,133,13302
12184,,12184,METROPOLITANA DE SANTIAGO,13,45,1427,748,679,1095,575,520,332,173,159,LAMPA,CHACABUCO,133,13302
12185,,12185,METROPOLITANA DE SANTIAGO,13,46,1313,668,645,1014,513,501,299,155,144,LAMPA,CHACABUCO,133,13302
12186,,12186,METROPOLITANA DE SANTIAGO,13,47,1259,664,595,972,506,466,287,158,129,LAMPA,CHACABUCO,133,13302
12187,,12187,METROPOLITANA DE SANTIAGO,13,48,1227,652,575,916,490,426,311,162,149,LAMPA,CHACABUCO,133,13302
12188,,12188,METROPOLITANA DE SANTIAGO,13,49,1232,632,600,907,455,452,325,177,148,LAMPA,CHACABUCO,133,13302
12189,,12189,METROPOLITANA DE SANTIAGO,13,50,1169,582,587,883,432,451,286,150,136,LAMPA,CHACABUCO,133,13302
12190,,12190,METROPOLITANA DE SANTIAGO,13,51,1169,622,547,851,443,408,318,179,139,LAMPA,CHACABUCO,133,13302
12191,,12191,METROPOLITANA DE SANTIAGO,13,52,1107,588,519,796,418,378,311,170,141,LAMPA,CHACABUCO,133,13302
12192,,12192,METROPOLITANA DE SANTIAGO,13,53,1061,559,502,790,396,394,271,163,108,LAMPA,CHACABUCO,133,13302
12193,,12193,METROPOLITANA DE SANTIAGO,13,54,1069,538,531,773,381,392,296,157,139,LAMPA,CHACABUCO,133,13302
12194,,12194,METROPOLITANA DE SANTIAGO,13,55,962,489,473,710,342,368,252,147,105,LAMPA,CHACABUCO,133,13302
12195,,12195,METROPOLITANA DE SANTIAGO,13,56,920,473,447,668,341,327,252,132,120,LAMPA,CHACABUCO,133,13302
12196,,12196,METROPOLITANA DE SANTIAGO,13,57,839,434,405,625,311,314,214,123,91,LAMPA,CHACABUCO,133,13302
12197,,12197,METROPOLITANA DE SANTIAGO,13,58,863,398,465,654,310,344,209,88,121,LAMPA,CHACABUCO,133,13302
12198,,12198,METROPOLITANA DE SANTIAGO,13,59,855,444,411,622,311,311,233,133,100,LAMPA,CHACABUCO,133,13302
12199,,12199,METROPOLITANA DE SANTIAGO,13,60,786,407,379,573,286,287,213,121,92,LAMPA,CHACABUCO,133,13302
12200,,12200,METROPOLITANA DE SANTIAGO,13,61,685,350,335,511,262,249,174,88,86,LAMPA,CHACABUCO,133,13302
12201,,12201,METROPOLITANA DE SANTIAGO,13,62,648,326,322,454,226,228,194,100,94,LAMPA,CHACABUCO,133,13302
12202,,12202,METROPOLITANA DE SANTIAGO,13,63,580,301,279,409,207,202,171,94,77,LAMPA,CHACABUCO,133,13302
12203,,12203,METROPOLITANA DE SANTIAGO,13,64,545,272,273,393,188,205,152,84,68,LAMPA,CHACABUCO,133,13302
12204,,12204,METROPOLITANA DE SANTIAGO,13,65,509,239,270,347,160,187,162,79,83,LAMPA,CHACABUCO,133,13302
12205,,12205,METROPOLITANA DE SANTIAGO,13,66,454,220,234,329,156,173,125,64,61,LAMPA,CHACABUCO,133,13302
12206,,12206,METROPOLITANA DE SANTIAGO,13,67,436,210,226,315,145,170,121,65,56,LAMPA,CHACABUCO,133,13302
12207,,12207,METROPOLITANA DE SANTIAGO,13,68,423,221,202,297,153,144,126,68,58,LAMPA,CHACABUCO,133,13302
12208,,12208,METROPOLITANA DE SANTIAGO,13,69,413,199,214,301,135,166,112,64,48,LAMPA,CHACABUCO,133,13302
12209,,12209,METROPOLITANA DE SANTIAGO,13,70,368,175,193,249,114,135,119,61,58,LAMPA,CHACABUCO,133,13302
12210,,12210,METROPOLITANA DE SANTIAGO,13,71,338,178,160,235,126,109,103,52,51,LAMPA,CHACABUCO,133,13302
12211,,12211,METROPOLITANA DE SANTIAGO,13,72,278,127,151,192,90,102,86,37,49,LAMPA,CHACABUCO,133,13302
12212,,12212,METROPOLITANA DE SANTIAGO,13,73,300,150,150,199,99,100,101,51,50,LAMPA,CHACABUCO,133,13302
12213,,12213,METROPOLITANA DE SANTIAGO,13,74,268,132,136,188,89,99,80,43,37,LAMPA,CHACABUCO,133,13302
12214,,12214,METROPOLITANA DE SANTIAGO,13,75,251,124,127,181,82,99,70,42,28,LAMPA,CHACABUCO,133,13302
12215,,12215,METROPOLITANA DE SANTIAGO,13,76,206,99,107,140,61,79,66,38,28,LAMPA,CHACABUCO,133,13302
12216,,12216,METROPOLITANA DE SANTIAGO,13,77,218,103,115,158,76,82,60,27,33,LAMPA,CHACABUCO,133,13302
12217,,12217,METROPOLITANA DE SANTIAGO,13,78,157,72,85,116,54,62,41,18,23,LAMPA,CHACABUCO,133,13302
12218,,12218,METROPOLITANA DE SANTIAGO,13,79,157,83,74,109,58,51,48,25,23,LAMPA,CHACABUCO,133,13302
12219,,12219,METROPOLITANA DE SANTIAGO,13,80,160,68,92,119,48,71,41,20,21,LAMPA,CHACABUCO,133,13302
12220,,12220,METROPOLITANA DE SANTIAGO,13,81,134,58,76,94,41,53,40,17,23,LAMPA,CHACABUCO,133,13302
12221,,12221,METROPOLITANA DE SANTIAGO,13,82,114,47,67,75,26,49,39,21,18,LAMPA,CHACABUCO,133,13302
12222,,12222,METROPOLITANA DE SANTIAGO,13,83,116,52,64,83,37,46,33,15,18,LAMPA,CHACABUCO,133,13302
12223,,12223,METROPOLITANA DE SANTIAGO,13,84,93,51,42,67,37,30,26,14,12,LAMPA,CHACABUCO,133,13302
12224,,12224,METROPOLITANA DE SANTIAGO,13,85,75,33,42,49,19,30,26,14,12,LAMPA,CHACABUCO,133,13302
12225,,12225,METROPOLITANA DE SANTIAGO,13,86,94,48,46,73,39,34,21,9,12,LAMPA,CHACABUCO,133,13302
12226,,12226,METROPOLITANA DE SANTIAGO,13,87,77,27,50,54,15,39,23,12,11,LAMPA,CHACABUCO,133,13302
12227,,12227,METROPOLITANA DE SANTIAGO,13,88,67,18,49,45,12,33,22,6,16,LAMPA,CHACABUCO,133,13302
12228,,12228,METROPOLITANA DE SANTIAGO,13,89,47,17,30,25,11,14,22,6,16,LAMPA,CHACABUCO,133,13302
12229,,12229,METROPOLITANA DE SANTIAGO,13,90,46,19,27,33,14,19,13,5,8,LAMPA,CHACABUCO,133,13302
12230,,12230,METROPOLITANA DE SANTIAGO,13,91,31,12,19,19,8,11,12,4,8,LAMPA,CHACABUCO,133,13302
12231,,12231,METROPOLITANA DE SANTIAGO,13,92,23,6,17,15,4,11,8,2,6,LAMPA,CHACABUCO,133,13302
12232,,12232,METROPOLITANA DE SANTIAGO,13,93,24,9,15,15,7,8,9,2,7,LAMPA,CHACABUCO,133,13302
12233,,12233,METROPOLITANA DE SANTIAGO,13,94,18,5,13,14,3,11,4,2,2,LAMPA,CHACABUCO,133,13302
12234,,12234,METROPOLITANA DE SANTIAGO,13,95,15,4,11,12,3,9,3,1,2,LAMPA,CHACABUCO,133,13302
12235,,12235,METROPOLITANA DE SANTIAGO,13,96,14,7,7,10,4,6,4,3,1,LAMPA,CHACABUCO,133,13302
12236,,12236,METROPOLITANA DE SANTIAGO,13,97,4,3,1,1,1,0,3,2,1,LAMPA,CHACABUCO,133,13302
12237,,12237,METROPOLITANA DE SANTIAGO,13,98,5,2,3,3,2,1,2,0,2,LAMPA,CHACABUCO,133,13302
12238,,12238,METROPOLITANA DE SANTIAGO,13,99,4,2,2,4,2,2,0,0,0,LAMPA,CHACABUCO,133,13302
12239,,12239,METROPOLITANA DE SANTIAGO,13,100 o más,14,6,8,10,5,5,4,1,3,LAMPA,CHACABUCO,133,13302
12240,,12240,METROPOLITANA DE SANTIAGO,13,Total Comuna,19312,10047,9265,13070,6548,6522,6242,3499,2743,TILTIL,CHACABUCO,133,13303
12241,,12241,METROPOLITANA DE SANTIAGO,13,0,296,155,141,214,115,99,82,40,42,TILTIL,CHACABUCO,133,13303
12242,,12242,METROPOLITANA DE SANTIAGO,13,1,292,148,144,204,100,104,88,48,40,TILTIL,CHACABUCO,133,13303
12243,,12243,METROPOLITANA DE SANTIAGO,13,2,284,144,140,206,104,102,78,40,38,TILTIL,CHACABUCO,133,13303
12244,,12244,METROPOLITANA DE SANTIAGO,13,3,262,136,126,182,95,87,80,41,39,TILTIL,CHACABUCO,133,13303
12245,,12245,METROPOLITANA DE SANTIAGO,13,4,274,153,121,194,105,89,80,48,32,TILTIL,CHACABUCO,133,13303
12246,,12246,METROPOLITANA DE SANTIAGO,13,5,259,133,126,191,100,91,68,33,35,TILTIL,CHACABUCO,133,13303
12247,,12247,METROPOLITANA DE SANTIAGO,13,6,271,138,133,190,93,97,81,45,36,TILTIL,CHACABUCO,133,13303
12248,,12248,METROPOLITANA DE SANTIAGO,13,7,242,128,114,172,91,81,70,37,33,TILTIL,CHACABUCO,133,13303
12249,,12249,METROPOLITANA DE SANTIAGO,13,8,269,144,125,189,101,88,80,43,37,TILTIL,CHACABUCO,133,13303
12250,,12250,METROPOLITANA DE SANTIAGO,13,9,290,149,141,206,109,97,84,40,44,TILTIL,CHACABUCO,133,13303
12251,,12251,METROPOLITANA DE SANTIAGO,13,10,288,162,126,200,112,88,88,50,38,TILTIL,CHACABUCO,133,13303
12252,,12252,METROPOLITANA DE SANTIAGO,13,11,287,150,137,199,102,97,88,48,40,TILTIL,CHACABUCO,133,13303
12253,,12253,METROPOLITANA DE SANTIAGO,13,12,219,108,111,150,77,73,69,31,38,TILTIL,CHACABUCO,133,13303
12254,,12254,METROPOLITANA DE SANTIAGO,13,13,285,146,139,200,100,100,85,46,39,TILTIL,CHACABUCO,133,13303
12255,,12255,METROPOLITANA DE SANTIAGO,13,14,253,119,134,180,85,95,73,34,39,TILTIL,CHACABUCO,133,13303
12256,,12256,METROPOLITANA DE SANTIAGO,13,15,259,144,115,177,94,83,82,50,32,TILTIL,CHACABUCO,133,13303
12257,,12257,METROPOLITANA DE SANTIAGO,13,16,298,164,134,206,109,97,92,55,37,TILTIL,CHACABUCO,133,13303
12258,,12258,METROPOLITANA DE SANTIAGO,13,17,317,164,153,197,88,109,120,76,44,TILTIL,CHACABUCO,133,13303
12259,,12259,METROPOLITANA DE SANTIAGO,13,18,299,173,126,186,96,90,113,77,36,TILTIL,CHACABUCO,133,13303
12260,,12260,METROPOLITANA DE SANTIAGO,13,19,284,145,139,181,90,91,103,55,48,TILTIL,CHACABUCO,133,13303
12261,,12261,METROPOLITANA DE SANTIAGO,13,20,310,182,128,194,114,80,116,68,48,TILTIL,CHACABUCO,133,13303
12262,,12262,METROPOLITANA DE SANTIAGO,13,21,320,173,147,214,103,111,106,70,36,TILTIL,CHACABUCO,133,13303
12263,,12263,METROPOLITANA DE SANTIAGO,13,22,330,161,169,223,95,128,107,66,41,TILTIL,CHACABUCO,133,13303
12264,,12264,METROPOLITANA DE SANTIAGO,13,23,310,168,142,206,112,94,104,56,48,TILTIL,CHACABUCO,133,13303
12265,,12265,METROPOLITANA DE SANTIAGO,13,24,314,175,139,203,105,98,111,70,41,TILTIL,CHACABUCO,133,13303
12266,,12266,METROPOLITANA DE SANTIAGO,13,25,316,162,154,215,98,117,101,64,37,TILTIL,CHACABUCO,133,13303
12267,,12267,METROPOLITANA DE SANTIAGO,13,26,315,170,145,210,112,98,105,58,47,TILTIL,CHACABUCO,133,13303
12268,,12268,METROPOLITANA DE SANTIAGO,13,27,370,204,166,257,138,119,113,66,47,TILTIL,CHACABUCO,133,13303
12269,,12269,METROPOLITANA DE SANTIAGO,13,28,335,168,167,240,113,127,95,55,40,TILTIL,CHACABUCO,133,13303
12270,,12270,METROPOLITANA DE SANTIAGO,13,29,287,136,151,191,100,91,96,36,60,TILTIL,CHACABUCO,133,13303
12271,,12271,METROPOLITANA DE SANTIAGO,13,30,292,149,143,204,104,100,88,45,43,TILTIL,CHACABUCO,133,13303
12272,,12272,METROPOLITANA DE SANTIAGO,13,31,283,155,128,192,106,86,91,49,42,TILTIL,CHACABUCO,133,13303
12273,,12273,METROPOLITANA DE SANTIAGO,13,32,313,158,155,221,109,112,92,49,43,TILTIL,CHACABUCO,133,13303
12274,,12274,METROPOLITANA DE SANTIAGO,13,33,256,128,128,186,91,95,70,37,33,TILTIL,CHACABUCO,133,13303
12275,,12275,METROPOLITANA DE SANTIAGO,13,34,287,142,145,210,101,109,77,41,36,TILTIL,CHACABUCO,133,13303
12276,,12276,METROPOLITANA DE SANTIAGO,13,35,286,147,139,207,99,108,79,48,31,TILTIL,CHACABUCO,133,13303
12277,,12277,METROPOLITANA DE SANTIAGO,13,36,266,129,137,184,82,102,82,47,35,TILTIL,CHACABUCO,133,13303
12278,,12278,METROPOLITANA DE SANTIAGO,13,37,267,140,127,194,97,97,73,43,30,TILTIL,CHACABUCO,133,13303
12279,,12279,METROPOLITANA DE SANTIAGO,13,38,237,123,114,165,85,80,72,38,34,TILTIL,CHACABUCO,133,13303
12280,,12280,METROPOLITANA DE SANTIAGO,13,39,244,127,117,182,90,92,62,37,25,TILTIL,CHACABUCO,133,13303
12281,,12281,METROPOLITANA DE SANTIAGO,13,40,267,130,137,186,88,98,81,42,39,TILTIL,CHACABUCO,133,13303
12282,,12282,METROPOLITANA DE SANTIAGO,13,41,251,126,125,183,89,94,68,37,31,TILTIL,CHACABUCO,133,13303
12283,,12283,METROPOLITANA DE SANTIAGO,13,42,271,141,130,193,101,92,78,40,38,TILTIL,CHACABUCO,133,13303
12284,,12284,METROPOLITANA DE SANTIAGO,13,43,299,152,147,212,106,106,87,46,41,TILTIL,CHACABUCO,133,13303
12285,,12285,METROPOLITANA DE SANTIAGO,13,44,270,141,129,196,102,94,74,39,35,TILTIL,CHACABUCO,133,13303
12286,,12286,METROPOLITANA DE SANTIAGO,13,45,255,135,120,160,87,73,95,48,47,TILTIL,CHACABUCO,133,13303
12287,,12287,METROPOLITANA DE SANTIAGO,13,46,249,121,128,171,83,88,78,38,40,TILTIL,CHACABUCO,133,13303
12288,,12288,METROPOLITANA DE SANTIAGO,13,47,250,136,114,176,97,79,74,39,35,TILTIL,CHACABUCO,133,13303
12289,,12289,METROPOLITANA DE SANTIAGO,13,48,236,132,104,148,76,72,88,56,32,TILTIL,CHACABUCO,133,13303
12290,,12290,METROPOLITANA DE SANTIAGO,13,49,281,144,137,195,100,95,86,44,42,TILTIL,CHACABUCO,133,13303
12291,,12291,METROPOLITANA DE SANTIAGO,13,50,235,122,113,171,85,86,64,37,27,TILTIL,CHACABUCO,133,13303
12292,,12292,METROPOLITANA DE SANTIAGO,13,51,277,139,138,191,93,98,86,46,40,TILTIL,CHACABUCO,133,13303
12293,,12293,METROPOLITANA DE SANTIAGO,13,52,272,146,126,168,86,82,104,60,44,TILTIL,CHACABUCO,133,13303
12294,,12294,METROPOLITANA DE SANTIAGO,13,53,249,131,118,167,91,76,82,40,42,TILTIL,CHACABUCO,133,13303
12295,,12295,METROPOLITANA DE SANTIAGO,13,54,278,135,143,193,91,102,85,44,41,TILTIL,CHACABUCO,133,13303
12296,,12296,METROPOLITANA DE SANTIAGO,13,55,209,114,95,136,73,63,73,41,32,TILTIL,CHACABUCO,133,13303
12297,,12297,METROPOLITANA DE SANTIAGO,13,56,235,128,107,153,83,70,82,45,37,TILTIL,CHACABUCO,133,13303
12298,,12298,METROPOLITANA DE SANTIAGO,13,57,201,111,90,133,72,61,68,39,29,TILTIL,CHACABUCO,133,13303
12299,,12299,METROPOLITANA DE SANTIAGO,13,58,220,104,116,146,61,85,74,43,31,TILTIL,CHACABUCO,133,13303
12300,,12300,METROPOLITANA DE SANTIAGO,13,59,210,113,97,141,69,72,69,44,25,TILTIL,CHACABUCO,133,13303
12301,,12301,METROPOLITANA DE SANTIAGO,13,60,203,91,112,134,56,78,69,35,34,TILTIL,CHACABUCO,133,13303
12302,,12302,METROPOLITANA DE SANTIAGO,13,61,171,84,87,115,52,63,56,32,24,TILTIL,CHACABUCO,133,13303
12303,,12303,METROPOLITANA DE SANTIAGO,13,62,143,75,68,92,49,43,51,26,25,TILTIL,CHACABUCO,133,13303
12304,,12304,METROPOLITANA DE SANTIAGO,13,63,141,73,68,83,36,47,58,37,21,TILTIL,CHACABUCO,133,13303
12305,,12305,METROPOLITANA DE SANTIAGO,13,64,164,86,78,105,50,55,59,36,23,TILTIL,CHACABUCO,133,13303
12306,,12306,METROPOLITANA DE SANTIAGO,13,65,163,86,77,102,51,51,61,35,26,TILTIL,CHACABUCO,133,13303
12307,,12307,METROPOLITANA DE SANTIAGO,13,66,152,82,70,93,42,51,59,40,19,TILTIL,CHACABUCO,133,13303
12308,,12308,METROPOLITANA DE SANTIAGO,13,67,145,74,71,81,35,46,64,39,25,TILTIL,CHACABUCO,133,13303
12309,,12309,METROPOLITANA DE SANTIAGO,13,68,134,80,54,91,53,38,43,27,16,TILTIL,CHACABUCO,133,13303
12310,,12310,METROPOLITANA DE SANTIAGO,13,69,120,62,58,74,42,32,46,20,26,TILTIL,CHACABUCO,133,13303
12311,,12311,METROPOLITANA DE SANTIAGO,13,70,116,66,50,61,27,34,55,39,16,TILTIL,CHACABUCO,133,13303
12312,,12312,METROPOLITANA DE SANTIAGO,13,71,115,57,58,68,32,36,47,25,22,TILTIL,CHACABUCO,133,13303
12313,,12313,METROPOLITANA DE SANTIAGO,13,72,103,54,49,67,33,34,36,21,15,TILTIL,CHACABUCO,133,13303
12314,,12314,METROPOLITANA DE SANTIAGO,13,73,105,58,47,61,30,31,44,28,16,TILTIL,CHACABUCO,133,13303
12315,,12315,METROPOLITANA DE SANTIAGO,13,74,87,49,38,51,25,26,36,24,12,TILTIL,CHACABUCO,133,13303
12316,,12316,METROPOLITANA DE SANTIAGO,13,75,82,42,40,48,22,26,34,20,14,TILTIL,CHACABUCO,133,13303
12317,,12317,METROPOLITANA DE SANTIAGO,13,76,64,32,32,39,18,21,25,14,11,TILTIL,CHACABUCO,133,13303
12318,,12318,METROPOLITANA DE SANTIAGO,13,77,68,38,30,44,21,23,24,17,7,TILTIL,CHACABUCO,133,13303
12319,,12319,METROPOLITANA DE SANTIAGO,13,78,88,47,41,51,23,28,37,24,13,TILTIL,CHACABUCO,133,13303
12320,,12320,METROPOLITANA DE SANTIAGO,13,79,57,23,34,34,12,22,23,11,12,TILTIL,CHACABUCO,133,13303
12321,,12321,METROPOLITANA DE SANTIAGO,13,80,58,29,29,28,11,17,30,18,12,TILTIL,CHACABUCO,133,13303
12322,,12322,METROPOLITANA DE SANTIAGO,13,81,36,17,19,14,4,10,22,13,9,TILTIL,CHACABUCO,133,13303
12323,,12323,METROPOLITANA DE SANTIAGO,13,82,53,31,22,26,13,13,27,18,9,TILTIL,CHACABUCO,133,13303
12324,,12324,METROPOLITANA DE SANTIAGO,13,83,43,20,23,17,5,12,26,15,11,TILTIL,CHACABUCO,133,13303
12325,,12325,METROPOLITANA DE SANTIAGO,13,84,45,17,28,30,9,21,15,8,7,TILTIL,CHACABUCO,133,13303
12326,,12326,METROPOLITANA DE SANTIAGO,13,85,31,11,20,20,7,13,11,4,7,TILTIL,CHACABUCO,133,13303
12327,,12327,METROPOLITANA DE SANTIAGO,13,86,24,12,12,13,6,7,11,6,5,TILTIL,CHACABUCO,133,13303
12328,,12328,METROPOLITANA DE SANTIAGO,13,87,24,10,14,13,3,10,11,7,4,TILTIL,CHACABUCO,133,13303
12329,,12329,METROPOLITANA DE SANTIAGO,13,88,30,19,11,25,16,9,5,3,2,TILTIL,CHACABUCO,133,13303
12330,,12330,METROPOLITANA DE SANTIAGO,13,89,17,4,13,15,2,13,2,2,0,TILTIL,CHACABUCO,133,13303
12331,,12331,METROPOLITANA DE SANTIAGO,13,90,12,3,9,7,1,6,5,2,3,TILTIL,CHACABUCO,133,13303
12332,,12332,METROPOLITANA DE SANTIAGO,13,91,11,5,6,8,3,5,3,2,1,TILTIL,CHACABUCO,133,13303
12333,,12333,METROPOLITANA DE SANTIAGO,13,92,8,3,5,6,3,3,2,0,2,TILTIL,CHACABUCO,133,13303
12334,,12334,METROPOLITANA DE SANTIAGO,13,93,3,0,3,3,0,3,0,0,0,TILTIL,CHACABUCO,133,13303
12335,,12335,METROPOLITANA DE SANTIAGO,13,94,4,1,3,4,1,3,0,0,0,TILTIL,CHACABUCO,133,13303
12336,,12336,METROPOLITANA DE SANTIAGO,13,95,3,2,1,1,0,1,2,2,0,TILTIL,CHACABUCO,133,13303
12337,,12337,METROPOLITANA DE SANTIAGO,13,96,0,0,0,0,0,0,0,0,0,TILTIL,CHACABUCO,133,13303
12338,,12338,METROPOLITANA DE SANTIAGO,13,97,4,2,2,2,2,0,2,0,2,TILTIL,CHACABUCO,133,13303
12339,,12339,METROPOLITANA DE SANTIAGO,13,98,1,0,1,1,0,1,0,0,0,TILTIL,CHACABUCO,133,13303
12340,,12340,METROPOLITANA DE SANTIAGO,13,99,1,0,1,1,0,1,0,0,0,TILTIL,CHACABUCO,133,13303
12341,,12341,METROPOLITANA DE SANTIAGO,13,100 o más,2,1,1,1,0,1,1,1,0,TILTIL,CHACABUCO,133,13303
12342,,12342,METROPOLITANA DE SANTIAGO,13,Total Comuna,301313,147800,153513,296248,145204,151044,5065,2596,2469,SAN BERNARDO,MAIPO,134,13401
12343,,12343,METROPOLITANA DE SANTIAGO,13,0,4206,2112,2094,4155,2088,2067,51,24,27,SAN BERNARDO,MAIPO,134,13401
12344,,12344,METROPOLITANA DE SANTIAGO,13,1,4434,2258,2176,4367,2231,2136,67,27,40,SAN BERNARDO,MAIPO,134,13401
12345,,12345,METROPOLITANA DE SANTIAGO,13,2,4672,2331,2341,4588,2290,2298,84,41,43,SAN BERNARDO,MAIPO,134,13401
12346,,12346,METROPOLITANA DE SANTIAGO,13,3,4611,2325,2286,4547,2290,2257,64,35,29,SAN BERNARDO,MAIPO,134,13401
12347,,12347,METROPOLITANA DE SANTIAGO,13,4,4797,2445,2352,4734,2412,2322,63,33,30,SAN BERNARDO,MAIPO,134,13401
12348,,12348,METROPOLITANA DE SANTIAGO,13,5,4716,2414,2302,4641,2369,2272,75,45,30,SAN BERNARDO,MAIPO,134,13401
12349,,12349,METROPOLITANA DE SANTIAGO,13,6,4769,2405,2364,4699,2373,2326,70,32,38,SAN BERNARDO,MAIPO,134,13401
12350,,12350,METROPOLITANA DE SANTIAGO,13,7,4885,2521,2364,4813,2482,2331,72,39,33,SAN BERNARDO,MAIPO,134,13401
12351,,12351,METROPOLITANA DE SANTIAGO,13,8,4692,2406,2286,4626,2369,2257,66,37,29,SAN BERNARDO,MAIPO,134,13401
12352,,12352,METROPOLITANA DE SANTIAGO,13,9,4621,2287,2334,4546,2245,2301,75,42,33,SAN BERNARDO,MAIPO,134,13401
12353,,12353,METROPOLITANA DE SANTIAGO,13,10,4514,2335,2179,4446,2301,2145,68,34,34,SAN BERNARDO,MAIPO,134,13401
12354,,12354,METROPOLITANA DE SANTIAGO,13,11,4375,2213,2162,4318,2182,2136,57,31,26,SAN BERNARDO,MAIPO,134,13401
12355,,12355,METROPOLITANA DE SANTIAGO,13,12,4175,2121,2054,4113,2084,2029,62,37,25,SAN BERNARDO,MAIPO,134,13401
12356,,12356,METROPOLITANA DE SANTIAGO,13,13,4380,2257,2123,4308,2213,2095,72,44,28,SAN BERNARDO,MAIPO,134,13401
12357,,12357,METROPOLITANA DE SANTIAGO,13,14,4585,2325,2260,4500,2274,2226,85,51,34,SAN BERNARDO,MAIPO,134,13401
12358,,12358,METROPOLITANA DE SANTIAGO,13,15,4611,2322,2289,4537,2290,2247,74,32,42,SAN BERNARDO,MAIPO,134,13401
12359,,12359,METROPOLITANA DE SANTIAGO,13,16,4799,2428,2371,4725,2386,2339,74,42,32,SAN BERNARDO,MAIPO,134,13401
12360,,12360,METROPOLITANA DE SANTIAGO,13,17,4684,2418,2266,4601,2367,2234,83,51,32,SAN BERNARDO,MAIPO,134,13401
12361,,12361,METROPOLITANA DE SANTIAGO,13,18,4904,2520,2384,4819,2476,2343,85,44,41,SAN BERNARDO,MAIPO,134,13401
12362,,12362,METROPOLITANA DE SANTIAGO,13,19,5013,2535,2478,4936,2496,2440,77,39,38,SAN BERNARDO,MAIPO,134,13401
12363,,12363,METROPOLITANA DE SANTIAGO,13,20,5091,2644,2447,5017,2608,2409,74,36,38,SAN BERNARDO,MAIPO,134,13401
12364,,12364,METROPOLITANA DE SANTIAGO,13,21,4969,2537,2432,4899,2500,2399,70,37,33,SAN BERNARDO,MAIPO,134,13401
12365,,12365,METROPOLITANA DE SANTIAGO,13,22,5269,2763,2506,5192,2731,2461,77,32,45,SAN BERNARDO,MAIPO,134,13401
12366,,12366,METROPOLITANA DE SANTIAGO,13,23,5111,2591,2520,5044,2556,2488,67,35,32,SAN BERNARDO,MAIPO,134,13401
12367,,12367,METROPOLITANA DE SANTIAGO,13,24,5034,2546,2488,4970,2513,2457,64,33,31,SAN BERNARDO,MAIPO,134,13401
12368,,12368,METROPOLITANA DE SANTIAGO,13,25,5162,2620,2542,5090,2581,2509,72,39,33,SAN BERNARDO,MAIPO,134,13401
12369,,12369,METROPOLITANA DE SANTIAGO,13,26,5227,2664,2563,5144,2623,2521,83,41,42,SAN BERNARDO,MAIPO,134,13401
12370,,12370,METROPOLITANA DE SANTIAGO,13,27,5195,2639,2556,5113,2598,2515,82,41,41,SAN BERNARDO,MAIPO,134,13401
12371,,12371,METROPOLITANA DE SANTIAGO,13,28,4949,2418,2531,4878,2389,2489,71,29,42,SAN BERNARDO,MAIPO,134,13401
12372,,12372,METROPOLITANA DE SANTIAGO,13,29,4789,2387,2402,4721,2351,2370,68,36,32,SAN BERNARDO,MAIPO,134,13401
12373,,12373,METROPOLITANA DE SANTIAGO,13,30,4527,2231,2296,4456,2194,2262,71,37,34,SAN BERNARDO,MAIPO,134,13401
12374,,12374,METROPOLITANA DE SANTIAGO,13,31,4491,2242,2249,4423,2204,2219,68,38,30,SAN BERNARDO,MAIPO,134,13401
12375,,12375,METROPOLITANA DE SANTIAGO,13,32,4317,2144,2173,4249,2114,2135,68,30,38,SAN BERNARDO,MAIPO,134,13401
12376,,12376,METROPOLITANA DE SANTIAGO,13,33,4171,2027,2144,4106,1997,2109,65,30,35,SAN BERNARDO,MAIPO,134,13401
12377,,12377,METROPOLITANA DE SANTIAGO,13,34,4428,2226,2202,4371,2194,2177,57,32,25,SAN BERNARDO,MAIPO,134,13401
12378,,12378,METROPOLITANA DE SANTIAGO,13,35,4600,2234,2366,4529,2191,2338,71,43,28,SAN BERNARDO,MAIPO,134,13401
12379,,12379,METROPOLITANA DE SANTIAGO,13,36,4186,2052,2134,4129,2024,2105,57,28,29,SAN BERNARDO,MAIPO,134,13401
12380,,12380,METROPOLITANA DE SANTIAGO,13,37,4136,2039,2097,4070,2006,2064,66,33,33,SAN BERNARDO,MAIPO,134,13401
12381,,12381,METROPOLITANA DE SANTIAGO,13,38,3916,1968,1948,3851,1940,1911,65,28,37,SAN BERNARDO,MAIPO,134,13401
12382,,12382,METROPOLITANA DE SANTIAGO,13,39,3781,1912,1869,3721,1882,1839,60,30,30,SAN BERNARDO,MAIPO,134,13401
12383,,12383,METROPOLITANA DE SANTIAGO,13,40,3749,1889,1860,3682,1853,1829,67,36,31,SAN BERNARDO,MAIPO,134,13401
12384,,12384,METROPOLITANA DE SANTIAGO,13,41,3927,1985,1942,3875,1958,1917,52,27,25,SAN BERNARDO,MAIPO,134,13401
12385,,12385,METROPOLITANA DE SANTIAGO,13,42,4255,2078,2177,4189,2045,2144,66,33,33,SAN BERNARDO,MAIPO,134,13401
12386,,12386,METROPOLITANA DE SANTIAGO,13,43,4387,2121,2266,4323,2090,2233,64,31,33,SAN BERNARDO,MAIPO,134,13401
12387,,12387,METROPOLITANA DE SANTIAGO,13,44,4300,2073,2227,4233,2031,2202,67,42,25,SAN BERNARDO,MAIPO,134,13401
12388,,12388,METROPOLITANA DE SANTIAGO,13,45,4318,2043,2275,4250,2008,2242,68,35,33,SAN BERNARDO,MAIPO,134,13401
12389,,12389,METROPOLITANA DE SANTIAGO,13,46,4090,1975,2115,4028,1942,2086,62,33,29,SAN BERNARDO,MAIPO,134,13401
12390,,12390,METROPOLITANA DE SANTIAGO,13,47,3886,1876,2010,3813,1842,1971,73,34,39,SAN BERNARDO,MAIPO,134,13401
12391,,12391,METROPOLITANA DE SANTIAGO,13,48,4018,1951,2067,3945,1913,2032,73,38,35,SAN BERNARDO,MAIPO,134,13401
12392,,12392,METROPOLITANA DE SANTIAGO,13,49,3928,1871,2057,3856,1830,2026,72,41,31,SAN BERNARDO,MAIPO,134,13401
12393,,12393,METROPOLITANA DE SANTIAGO,13,50,3809,1869,1940,3733,1820,1913,76,49,27,SAN BERNARDO,MAIPO,134,13401
12394,,12394,METROPOLITANA DE SANTIAGO,13,51,3804,1792,2012,3727,1758,1969,77,34,43,SAN BERNARDO,MAIPO,134,13401
12395,,12395,METROPOLITANA DE SANTIAGO,13,52,3839,1784,2055,3758,1743,2015,81,41,40,SAN BERNARDO,MAIPO,134,13401
12396,,12396,METROPOLITANA DE SANTIAGO,13,53,3838,1814,2024,3764,1783,1981,74,31,43,SAN BERNARDO,MAIPO,134,13401
12397,,12397,METROPOLITANA DE SANTIAGO,13,54,3741,1732,2009,3668,1704,1964,73,28,45,SAN BERNARDO,MAIPO,134,13401
12398,,12398,METROPOLITANA DE SANTIAGO,13,55,3536,1650,1886,3466,1617,1849,70,33,37,SAN BERNARDO,MAIPO,134,13401
12399,,12399,METROPOLITANA DE SANTIAGO,13,56,3466,1623,1843,3393,1582,1811,73,41,32,SAN BERNARDO,MAIPO,134,13401
12400,,12400,METROPOLITANA DE SANTIAGO,13,57,3375,1594,1781,3310,1558,1752,65,36,29,SAN BERNARDO,MAIPO,134,13401
12401,,12401,METROPOLITANA DE SANTIAGO,13,58,3254,1557,1697,3177,1519,1658,77,38,39,SAN BERNARDO,MAIPO,134,13401
12402,,12402,METROPOLITANA DE SANTIAGO,13,59,3079,1506,1573,3017,1468,1549,62,38,24,SAN BERNARDO,MAIPO,134,13401
12403,,12403,METROPOLITANA DE SANTIAGO,13,60,2892,1396,1496,2820,1357,1463,72,39,33,SAN BERNARDO,MAIPO,134,13401
12404,,12404,METROPOLITANA DE SANTIAGO,13,61,2736,1245,1491,2666,1211,1455,70,34,36,SAN BERNARDO,MAIPO,134,13401
12405,,12405,METROPOLITANA DE SANTIAGO,13,62,2488,1190,1298,2433,1158,1275,55,32,23,SAN BERNARDO,MAIPO,134,13401
12406,,12406,METROPOLITANA DE SANTIAGO,13,63,2439,1149,1290,2384,1126,1258,55,23,32,SAN BERNARDO,MAIPO,134,13401
12407,,12407,METROPOLITANA DE SANTIAGO,13,64,2244,1035,1209,2211,1017,1194,33,18,15,SAN BERNARDO,MAIPO,134,13401
12408,,12408,METROPOLITANA DE SANTIAGO,13,65,2070,944,1126,2031,924,1107,39,20,19,SAN BERNARDO,MAIPO,134,13401
12409,,12409,METROPOLITANA DE SANTIAGO,13,66,1941,905,1036,1905,885,1020,36,20,16,SAN BERNARDO,MAIPO,134,13401
12410,,12410,METROPOLITANA DE SANTIAGO,13,67,1830,851,979,1791,835,956,39,16,23,SAN BERNARDO,MAIPO,134,13401
12411,,12411,METROPOLITANA DE SANTIAGO,13,68,1784,779,1005,1751,763,988,33,16,17,SAN BERNARDO,MAIPO,134,13401
12412,,12412,METROPOLITANA DE SANTIAGO,13,69,1835,872,963,1790,843,947,45,29,16,SAN BERNARDO,MAIPO,134,13401
12413,,12413,METROPOLITANA DE SANTIAGO,13,70,1647,757,890,1615,739,876,32,18,14,SAN BERNARDO,MAIPO,134,13401
12414,,12414,METROPOLITANA DE SANTIAGO,13,71,1457,671,786,1424,652,772,33,19,14,SAN BERNARDO,MAIPO,134,13401
12415,,12415,METROPOLITANA DE SANTIAGO,13,72,1362,612,750,1333,594,739,29,18,11,SAN BERNARDO,MAIPO,134,13401
12416,,12416,METROPOLITANA DE SANTIAGO,13,73,1283,568,715,1259,555,704,24,13,11,SAN BERNARDO,MAIPO,134,13401
12417,,12417,METROPOLITANA DE SANTIAGO,13,74,1194,495,699,1169,483,686,25,12,13,SAN BERNARDO,MAIPO,134,13401
12418,,12418,METROPOLITANA DE SANTIAGO,13,75,1038,435,603,1012,429,583,26,6,20,SAN BERNARDO,MAIPO,134,13401
12419,,12419,METROPOLITANA DE SANTIAGO,13,76,1024,435,589,1005,427,578,19,8,11,SAN BERNARDO,MAIPO,134,13401
12420,,12420,METROPOLITANA DE SANTIAGO,13,77,865,356,509,839,342,497,26,14,12,SAN BERNARDO,MAIPO,134,13401
12421,,12421,METROPOLITANA DE SANTIAGO,13,78,804,336,468,787,329,458,17,7,10,SAN BERNARDO,MAIPO,134,13401
12422,,12422,METROPOLITANA DE SANTIAGO,13,79,658,270,388,646,263,383,12,7,5,SAN BERNARDO,MAIPO,134,13401
12423,,12423,METROPOLITANA DE SANTIAGO,13,80,641,244,397,621,236,385,20,8,12,SAN BERNARDO,MAIPO,134,13401
12424,,12424,METROPOLITANA DE SANTIAGO,13,81,600,230,370,584,222,362,16,8,8,SAN BERNARDO,MAIPO,134,13401
12425,,12425,METROPOLITANA DE SANTIAGO,13,82,562,206,356,554,201,353,8,5,3,SAN BERNARDO,MAIPO,134,13401
12426,,12426,METROPOLITANA DE SANTIAGO,13,83,495,188,307,477,181,296,18,7,11,SAN BERNARDO,MAIPO,134,13401
12427,,12427,METROPOLITANA DE SANTIAGO,13,84,493,186,307,480,181,299,13,5,8,SAN BERNARDO,MAIPO,134,13401
12428,,12428,METROPOLITANA DE SANTIAGO,13,85,419,146,273,405,137,268,14,9,5,SAN BERNARDO,MAIPO,134,13401
12429,,12429,METROPOLITANA DE SANTIAGO,13,86,427,139,288,413,135,278,14,4,10,SAN BERNARDO,MAIPO,134,13401
12430,,12430,METROPOLITANA DE SANTIAGO,13,87,358,121,237,351,119,232,7,2,5,SAN BERNARDO,MAIPO,134,13401
12431,,12431,METROPOLITANA DE SANTIAGO,13,88,273,92,181,261,87,174,12,5,7,SAN BERNARDO,MAIPO,134,13401
12432,,12432,METROPOLITANA DE SANTIAGO,13,89,263,75,188,255,72,183,8,3,5,SAN BERNARDO,MAIPO,134,13401
12433,,12433,METROPOLITANA DE SANTIAGO,13,90,213,59,154,211,59,152,2,0,2,SAN BERNARDO,MAIPO,134,13401
12434,,12434,METROPOLITANA DE SANTIAGO,13,91,143,46,97,140,45,95,3,1,2,SAN BERNARDO,MAIPO,134,13401
12435,,12435,METROPOLITANA DE SANTIAGO,13,92,105,22,83,99,21,78,6,1,5,SAN BERNARDO,MAIPO,134,13401
12436,,12436,METROPOLITANA DE SANTIAGO,13,93,81,24,57,78,24,54,3,0,3,SAN BERNARDO,MAIPO,134,13401
12437,,12437,METROPOLITANA DE SANTIAGO,13,94,61,13,48,59,12,47,2,1,1,SAN BERNARDO,MAIPO,134,13401
12438,,12438,METROPOLITANA DE SANTIAGO,13,95,48,13,35,46,12,34,2,1,1,SAN BERNARDO,MAIPO,134,13401
12439,,12439,METROPOLITANA DE SANTIAGO,13,96,47,16,31,45,16,29,2,0,2,SAN BERNARDO,MAIPO,134,13401
12440,,12440,METROPOLITANA DE SANTIAGO,13,97,28,5,23,26,5,21,2,0,2,SAN BERNARDO,MAIPO,134,13401
12441,,12441,METROPOLITANA DE SANTIAGO,13,98,24,9,15,23,9,14,1,0,1,SAN BERNARDO,MAIPO,134,13401
12442,,12442,METROPOLITANA DE SANTIAGO,13,99,15,6,9,15,6,9,0,0,0,SAN BERNARDO,MAIPO,134,13401
12443,,12443,METROPOLITANA DE SANTIAGO,13,100 o más,35,14,21,35,14,21,0,0,0,SAN BERNARDO,MAIPO,134,13401
12444,,12444,METROPOLITANA DE SANTIAGO,13,Total Comuna,96614,47575,49039,82911,40543,42368,13703,7032,6671,BUIN,MAIPO,134,13402
12445,,12445,METROPOLITANA DE SANTIAGO,13,0,1391,772,619,1214,677,537,177,95,82,BUIN,MAIPO,134,13402
12446,,12446,METROPOLITANA DE SANTIAGO,13,1,1480,743,737,1300,664,636,180,79,101,BUIN,MAIPO,134,13402
12447,,12447,METROPOLITANA DE SANTIAGO,13,2,1502,752,750,1295,644,651,207,108,99,BUIN,MAIPO,134,13402
12448,,12448,METROPOLITANA DE SANTIAGO,13,3,1459,745,714,1275,649,626,184,96,88,BUIN,MAIPO,134,13402
12449,,12449,METROPOLITANA DE SANTIAGO,13,4,1511,730,781,1295,627,668,216,103,113,BUIN,MAIPO,134,13402
12450,,12450,METROPOLITANA DE SANTIAGO,13,5,1528,758,770,1316,640,676,212,118,94,BUIN,MAIPO,134,13402
12451,,12451,METROPOLITANA DE SANTIAGO,13,6,1501,779,722,1287,664,623,214,115,99,BUIN,MAIPO,134,13402
12452,,12452,METROPOLITANA DE SANTIAGO,13,7,1559,811,748,1352,702,650,207,109,98,BUIN,MAIPO,134,13402
12453,,12453,METROPOLITANA DE SANTIAGO,13,8,1398,744,654,1220,644,576,178,100,78,BUIN,MAIPO,134,13402
12454,,12454,METROPOLITANA DE SANTIAGO,13,9,1465,751,714,1230,626,604,235,125,110,BUIN,MAIPO,134,13402
12455,,12455,METROPOLITANA DE SANTIAGO,13,10,1421,727,694,1219,621,598,202,106,96,BUIN,MAIPO,134,13402
12456,,12456,METROPOLITANA DE SANTIAGO,13,11,1309,686,623,1117,592,525,192,94,98,BUIN,MAIPO,134,13402
12457,,12457,METROPOLITANA DE SANTIAGO,13,12,1358,661,697,1156,565,591,202,96,106,BUIN,MAIPO,134,13402
12458,,12458,METROPOLITANA DE SANTIAGO,13,13,1424,719,705,1219,614,605,205,105,100,BUIN,MAIPO,134,13402
12459,,12459,METROPOLITANA DE SANTIAGO,13,14,1366,689,677,1167,572,595,199,117,82,BUIN,MAIPO,134,13402
12460,,12460,METROPOLITANA DE SANTIAGO,13,15,1335,685,650,1119,583,536,216,102,114,BUIN,MAIPO,134,13402
12461,,12461,METROPOLITANA DE SANTIAGO,13,16,1474,748,726,1264,646,618,210,102,108,BUIN,MAIPO,134,13402
12462,,12462,METROPOLITANA DE SANTIAGO,13,17,1450,757,693,1209,613,596,241,144,97,BUIN,MAIPO,134,13402
12463,,12463,METROPOLITANA DE SANTIAGO,13,18,1401,675,726,1171,566,605,230,109,121,BUIN,MAIPO,134,13402
12464,,12464,METROPOLITANA DE SANTIAGO,13,19,1404,710,694,1167,588,579,237,122,115,BUIN,MAIPO,134,13402
12465,,12465,METROPOLITANA DE SANTIAGO,13,20,1452,733,719,1222,617,605,230,116,114,BUIN,MAIPO,134,13402
12466,,12466,METROPOLITANA DE SANTIAGO,13,21,1403,730,673,1185,615,570,218,115,103,BUIN,MAIPO,134,13402
12467,,12467,METROPOLITANA DE SANTIAGO,13,22,1472,732,740,1251,614,637,221,118,103,BUIN,MAIPO,134,13402
12468,,12468,METROPOLITANA DE SANTIAGO,13,23,1480,736,744,1264,634,630,216,102,114,BUIN,MAIPO,134,13402
12469,,12469,METROPOLITANA DE SANTIAGO,13,24,1544,787,757,1322,670,652,222,117,105,BUIN,MAIPO,134,13402
12470,,12470,METROPOLITANA DE SANTIAGO,13,25,1613,787,826,1403,678,725,210,109,101,BUIN,MAIPO,134,13402
12471,,12471,METROPOLITANA DE SANTIAGO,13,26,1589,793,796,1359,672,687,230,121,109,BUIN,MAIPO,134,13402
12472,,12472,METROPOLITANA DE SANTIAGO,13,27,1756,864,892,1549,762,787,207,102,105,BUIN,MAIPO,134,13402
12473,,12473,METROPOLITANA DE SANTIAGO,13,28,1676,838,838,1474,735,739,202,103,99,BUIN,MAIPO,134,13402
12474,,12474,METROPOLITANA DE SANTIAGO,13,29,1731,824,907,1548,720,828,183,104,79,BUIN,MAIPO,134,13402
12475,,12475,METROPOLITANA DE SANTIAGO,13,30,1569,761,808,1383,671,712,186,90,96,BUIN,MAIPO,134,13402
12476,,12476,METROPOLITANA DE SANTIAGO,13,31,1583,791,792,1419,699,720,164,92,72,BUIN,MAIPO,134,13402
12477,,12477,METROPOLITANA DE SANTIAGO,13,32,1517,744,773,1353,657,696,164,87,77,BUIN,MAIPO,134,13402
12478,,12478,METROPOLITANA DE SANTIAGO,13,33,1527,729,798,1376,647,729,151,82,69,BUIN,MAIPO,134,13402
12479,,12479,METROPOLITANA DE SANTIAGO,13,34,1615,797,818,1450,718,732,165,79,86,BUIN,MAIPO,134,13402
12480,,12480,METROPOLITANA DE SANTIAGO,13,35,1661,813,848,1471,715,756,190,98,92,BUIN,MAIPO,134,13402
12481,,12481,METROPOLITANA DE SANTIAGO,13,36,1556,753,803,1362,658,704,194,95,99,BUIN,MAIPO,134,13402
12482,,12482,METROPOLITANA DE SANTIAGO,13,37,1441,695,746,1282,618,664,159,77,82,BUIN,MAIPO,134,13402
12483,,12483,METROPOLITANA DE SANTIAGO,13,38,1377,704,673,1209,610,599,168,94,74,BUIN,MAIPO,134,13402
12484,,12484,METROPOLITANA DE SANTIAGO,13,39,1323,652,671,1136,554,582,187,98,89,BUIN,MAIPO,134,13402
12485,,12485,METROPOLITANA DE SANTIAGO,13,40,1358,659,699,1156,562,594,202,97,105,BUIN,MAIPO,134,13402
12486,,12486,METROPOLITANA DE SANTIAGO,13,41,1283,645,638,1084,541,543,199,104,95,BUIN,MAIPO,134,13402
12487,,12487,METROPOLITANA DE SANTIAGO,13,42,1425,711,714,1224,623,601,201,88,113,BUIN,MAIPO,134,13402
12488,,12488,METROPOLITANA DE SANTIAGO,13,43,1381,684,697,1168,568,600,213,116,97,BUIN,MAIPO,134,13402
12489,,12489,METROPOLITANA DE SANTIAGO,13,44,1310,618,692,1115,528,587,195,90,105,BUIN,MAIPO,134,13402
12490,,12490,METROPOLITANA DE SANTIAGO,13,45,1374,688,686,1170,583,587,204,105,99,BUIN,MAIPO,134,13402
12491,,12491,METROPOLITANA DE SANTIAGO,13,46,1300,623,677,1095,526,569,205,97,108,BUIN,MAIPO,134,13402
12492,,12492,METROPOLITANA DE SANTIAGO,13,47,1176,585,591,979,484,495,197,101,96,BUIN,MAIPO,134,13402
12493,,12493,METROPOLITANA DE SANTIAGO,13,48,1255,589,666,1066,498,568,189,91,98,BUIN,MAIPO,134,13402
12494,,12494,METROPOLITANA DE SANTIAGO,13,49,1308,623,685,1089,514,575,219,109,110,BUIN,MAIPO,134,13402
12495,,12495,METROPOLITANA DE SANTIAGO,13,50,1247,645,602,1043,541,502,204,104,100,BUIN,MAIPO,134,13402
12496,,12496,METROPOLITANA DE SANTIAGO,13,51,1259,606,653,1057,506,551,202,100,102,BUIN,MAIPO,134,13402
12497,,12497,METROPOLITANA DE SANTIAGO,13,52,1246,582,664,1051,490,561,195,92,103,BUIN,MAIPO,134,13402
12498,,12498,METROPOLITANA DE SANTIAGO,13,53,1144,551,593,959,462,497,185,89,96,BUIN,MAIPO,134,13402
12499,,12499,METROPOLITANA DE SANTIAGO,13,54,1224,622,602,1011,509,502,213,113,100,BUIN,MAIPO,134,13402
12500,,12500,METROPOLITANA DE SANTIAGO,13,55,1155,582,573,971,482,489,184,100,84,BUIN,MAIPO,134,13402
12501,,12501,METROPOLITANA DE SANTIAGO,13,56,1107,540,567,943,449,494,164,91,73,BUIN,MAIPO,134,13402
12502,,12502,METROPOLITANA DE SANTIAGO,13,57,1115,560,555,939,469,470,176,91,85,BUIN,MAIPO,134,13402
12503,,12503,METROPOLITANA DE SANTIAGO,13,58,1028,482,546,883,401,482,145,81,64,BUIN,MAIPO,134,13402
12504,,12504,METROPOLITANA DE SANTIAGO,13,59,951,472,479,791,385,406,160,87,73,BUIN,MAIPO,134,13402
12505,,12505,METROPOLITANA DE SANTIAGO,13,60,903,412,491,759,337,422,144,75,69,BUIN,MAIPO,134,13402
12506,,12506,METROPOLITANA DE SANTIAGO,13,61,802,389,413,679,321,358,123,68,55,BUIN,MAIPO,134,13402
12507,,12507,METROPOLITANA DE SANTIAGO,13,62,754,389,365,651,329,322,103,60,43,BUIN,MAIPO,134,13402
12508,,12508,METROPOLITANA DE SANTIAGO,13,63,739,347,392,630,282,348,109,65,44,BUIN,MAIPO,134,13402
12509,,12509,METROPOLITANA DE SANTIAGO,13,64,696,344,352,586,284,302,110,60,50,BUIN,MAIPO,134,13402
12510,,12510,METROPOLITANA DE SANTIAGO,13,65,617,289,328,523,250,273,94,39,55,BUIN,MAIPO,134,13402
12511,,12511,METROPOLITANA DE SANTIAGO,13,66,603,264,339,535,227,308,68,37,31,BUIN,MAIPO,134,13402
12512,,12512,METROPOLITANA DE SANTIAGO,13,67,592,271,321,518,232,286,74,39,35,BUIN,MAIPO,134,13402
12513,,12513,METROPOLITANA DE SANTIAGO,13,68,567,260,307,463,203,260,104,57,47,BUIN,MAIPO,134,13402
12514,,12514,METROPOLITANA DE SANTIAGO,13,69,516,251,265,421,205,216,95,46,49,BUIN,MAIPO,134,13402
12515,,12515,METROPOLITANA DE SANTIAGO,13,70,468,216,252,402,182,220,66,34,32,BUIN,MAIPO,134,13402
12516,,12516,METROPOLITANA DE SANTIAGO,13,71,471,216,255,396,178,218,75,38,37,BUIN,MAIPO,134,13402
12517,,12517,METROPOLITANA DE SANTIAGO,13,72,452,195,257,386,163,223,66,32,34,BUIN,MAIPO,134,13402
12518,,12518,METROPOLITANA DE SANTIAGO,13,73,438,184,254,369,147,222,69,37,32,BUIN,MAIPO,134,13402
12519,,12519,METROPOLITANA DE SANTIAGO,13,74,396,183,213,334,149,185,62,34,28,BUIN,MAIPO,134,13402
12520,,12520,METROPOLITANA DE SANTIAGO,13,75,328,165,163,273,134,139,55,31,24,BUIN,MAIPO,134,13402
12521,,12521,METROPOLITANA DE SANTIAGO,13,76,344,159,185,304,133,171,40,26,14,BUIN,MAIPO,134,13402
12522,,12522,METROPOLITANA DE SANTIAGO,13,77,305,131,174,262,115,147,43,16,27,BUIN,MAIPO,134,13402
12523,,12523,METROPOLITANA DE SANTIAGO,13,78,266,111,155,236,100,136,30,11,19,BUIN,MAIPO,134,13402
12524,,12524,METROPOLITANA DE SANTIAGO,13,79,217,92,125,175,71,104,42,21,21,BUIN,MAIPO,134,13402
12525,,12525,METROPOLITANA DE SANTIAGO,13,80,250,125,125,226,112,114,24,13,11,BUIN,MAIPO,134,13402
12526,,12526,METROPOLITANA DE SANTIAGO,13,81,223,89,134,181,69,112,42,20,22,BUIN,MAIPO,134,13402
12527,,12527,METROPOLITANA DE SANTIAGO,13,82,180,84,96,157,73,84,23,11,12,BUIN,MAIPO,134,13402
12528,,12528,METROPOLITANA DE SANTIAGO,13,83,184,74,110,156,63,93,28,11,17,BUIN,MAIPO,134,13402
12529,,12529,METROPOLITANA DE SANTIAGO,13,84,145,50,95,124,44,80,21,6,15,BUIN,MAIPO,134,13402
12530,,12530,METROPOLITANA DE SANTIAGO,13,85,150,58,92,129,48,81,21,10,11,BUIN,MAIPO,134,13402
12531,,12531,METROPOLITANA DE SANTIAGO,13,86,126,45,81,109,40,69,17,5,12,BUIN,MAIPO,134,13402
12532,,12532,METROPOLITANA DE SANTIAGO,13,87,118,37,81,103,32,71,15,5,10,BUIN,MAIPO,134,13402
12533,,12533,METROPOLITANA DE SANTIAGO,13,88,97,32,65,82,26,56,15,6,9,BUIN,MAIPO,134,13402
12534,,12534,METROPOLITANA DE SANTIAGO,13,89,89,35,54,75,27,48,14,8,6,BUIN,MAIPO,134,13402
12535,,12535,METROPOLITANA DE SANTIAGO,13,90,60,26,34,52,23,29,8,3,5,BUIN,MAIPO,134,13402
12536,,12536,METROPOLITANA DE SANTIAGO,13,91,53,19,34,43,15,28,10,4,6,BUIN,MAIPO,134,13402
12537,,12537,METROPOLITANA DE SANTIAGO,13,92,49,20,29,37,11,26,12,9,3,BUIN,MAIPO,134,13402
12538,,12538,METROPOLITANA DE SANTIAGO,13,93,25,10,15,21,10,11,4,0,4,BUIN,MAIPO,134,13402
12539,,12539,METROPOLITANA DE SANTIAGO,13,94,37,8,29,34,7,27,3,1,2,BUIN,MAIPO,134,13402
12540,,12540,METROPOLITANA DE SANTIAGO,13,95,23,8,15,19,7,12,4,1,3,BUIN,MAIPO,134,13402
12541,,12541,METROPOLITANA DE SANTIAGO,13,96,20,1,19,19,1,18,1,0,1,BUIN,MAIPO,134,13402
12542,,12542,METROPOLITANA DE SANTIAGO,13,97,11,3,8,11,3,8,0,0,0,BUIN,MAIPO,134,13402
12543,,12543,METROPOLITANA DE SANTIAGO,13,98,6,0,6,6,0,6,0,0,0,BUIN,MAIPO,134,13402
12544,,12544,METROPOLITANA DE SANTIAGO,13,99,5,1,4,4,1,3,1,0,1,BUIN,MAIPO,134,13402
12545,,12545,METROPOLITANA DE SANTIAGO,13,100 o más,22,10,12,17,7,10,5,3,2,BUIN,MAIPO,134,13402
12546,,12546,METROPOLITANA DE SANTIAGO,13,Total Comuna,25392,12718,12674,11545,5755,5790,13847,6963,6884,CALERA DE TANGO,MAIPO,134,13403
12547,,12547,METROPOLITANA DE SANTIAGO,13,0,314,158,156,166,86,80,148,72,76,CALERA DE TANGO,MAIPO,134,13403
12548,,12548,METROPOLITANA DE SANTIAGO,13,1,324,152,172,163,78,85,161,74,87,CALERA DE TANGO,MAIPO,134,13403
12549,,12549,METROPOLITANA DE SANTIAGO,13,2,347,172,175,173,84,89,174,88,86,CALERA DE TANGO,MAIPO,134,13403
12550,,12550,METROPOLITANA DE SANTIAGO,13,3,327,177,150,172,91,81,155,86,69,CALERA DE TANGO,MAIPO,134,13403
12551,,12551,METROPOLITANA DE SANTIAGO,13,4,331,173,158,159,88,71,172,85,87,CALERA DE TANGO,MAIPO,134,13403
12552,,12552,METROPOLITANA DE SANTIAGO,13,5,365,185,180,155,77,78,210,108,102,CALERA DE TANGO,MAIPO,134,13403
12553,,12553,METROPOLITANA DE SANTIAGO,13,6,367,177,190,169,82,87,198,95,103,CALERA DE TANGO,MAIPO,134,13403
12554,,12554,METROPOLITANA DE SANTIAGO,13,7,360,181,179,167,85,82,193,96,97,CALERA DE TANGO,MAIPO,134,13403
12555,,12555,METROPOLITANA DE SANTIAGO,13,8,346,181,165,152,84,68,194,97,97,CALERA DE TANGO,MAIPO,134,13403
12556,,12556,METROPOLITANA DE SANTIAGO,13,9,377,202,175,169,83,86,208,119,89,CALERA DE TANGO,MAIPO,134,13403
12557,,12557,METROPOLITANA DE SANTIAGO,13,10,373,183,190,178,95,83,195,88,107,CALERA DE TANGO,MAIPO,134,13403
12558,,12558,METROPOLITANA DE SANTIAGO,13,11,371,188,183,160,80,80,211,108,103,CALERA DE TANGO,MAIPO,134,13403
12559,,12559,METROPOLITANA DE SANTIAGO,13,12,362,195,167,144,80,64,218,115,103,CALERA DE TANGO,MAIPO,134,13403
12560,,12560,METROPOLITANA DE SANTIAGO,13,13,391,191,200,171,90,81,220,101,119,CALERA DE TANGO,MAIPO,134,13403
12561,,12561,METROPOLITANA DE SANTIAGO,13,14,357,182,175,173,81,92,184,101,83,CALERA DE TANGO,MAIPO,134,13403
12562,,12562,METROPOLITANA DE SANTIAGO,13,15,366,173,193,170,78,92,196,95,101,CALERA DE TANGO,MAIPO,134,13403
12563,,12563,METROPOLITANA DE SANTIAGO,13,16,406,219,187,174,93,81,232,126,106,CALERA DE TANGO,MAIPO,134,13403
12564,,12564,METROPOLITANA DE SANTIAGO,13,17,360,194,166,146,69,77,214,125,89,CALERA DE TANGO,MAIPO,134,13403
12565,,12565,METROPOLITANA DE SANTIAGO,13,18,394,199,195,178,88,90,216,111,105,CALERA DE TANGO,MAIPO,134,13403
12566,,12566,METROPOLITANA DE SANTIAGO,13,19,425,244,181,195,106,89,230,138,92,CALERA DE TANGO,MAIPO,134,13403
12567,,12567,METROPOLITANA DE SANTIAGO,13,20,413,204,209,178,87,91,235,117,118,CALERA DE TANGO,MAIPO,134,13403
12568,,12568,METROPOLITANA DE SANTIAGO,13,21,405,207,198,181,97,84,224,110,114,CALERA DE TANGO,MAIPO,134,13403
12569,,12569,METROPOLITANA DE SANTIAGO,13,22,422,206,216,188,102,86,234,104,130,CALERA DE TANGO,MAIPO,134,13403
12570,,12570,METROPOLITANA DE SANTIAGO,13,23,483,263,220,196,107,89,287,156,131,CALERA DE TANGO,MAIPO,134,13403
12571,,12571,METROPOLITANA DE SANTIAGO,13,24,428,252,176,193,108,85,235,144,91,CALERA DE TANGO,MAIPO,134,13403
12572,,12572,METROPOLITANA DE SANTIAGO,13,25,453,218,235,223,104,119,230,114,116,CALERA DE TANGO,MAIPO,134,13403
12573,,12573,METROPOLITANA DE SANTIAGO,13,26,427,193,234,215,93,122,212,100,112,CALERA DE TANGO,MAIPO,134,13403
12574,,12574,METROPOLITANA DE SANTIAGO,13,27,454,260,194,227,135,92,227,125,102,CALERA DE TANGO,MAIPO,134,13403
12575,,12575,METROPOLITANA DE SANTIAGO,13,28,375,190,185,183,83,100,192,107,85,CALERA DE TANGO,MAIPO,134,13403
12576,,12576,METROPOLITANA DE SANTIAGO,13,29,339,183,156,175,103,72,164,80,84,CALERA DE TANGO,MAIPO,134,13403
12577,,12577,METROPOLITANA DE SANTIAGO,13,30,330,159,171,179,93,86,151,66,85,CALERA DE TANGO,MAIPO,134,13403
12578,,12578,METROPOLITANA DE SANTIAGO,13,31,319,164,155,157,86,71,162,78,84,CALERA DE TANGO,MAIPO,134,13403
12579,,12579,METROPOLITANA DE SANTIAGO,13,32,322,175,147,152,87,65,170,88,82,CALERA DE TANGO,MAIPO,134,13403
12580,,12580,METROPOLITANA DE SANTIAGO,13,33,301,138,163,141,57,84,160,81,79,CALERA DE TANGO,MAIPO,134,13403
12581,,12581,METROPOLITANA DE SANTIAGO,13,34,301,143,158,165,84,81,136,59,77,CALERA DE TANGO,MAIPO,134,13403
12582,,12582,METROPOLITANA DE SANTIAGO,13,35,338,159,179,166,79,87,172,80,92,CALERA DE TANGO,MAIPO,134,13403
12583,,12583,METROPOLITANA DE SANTIAGO,13,36,311,154,157,164,80,84,147,74,73,CALERA DE TANGO,MAIPO,134,13403
12584,,12584,METROPOLITANA DE SANTIAGO,13,37,331,162,169,149,75,74,182,87,95,CALERA DE TANGO,MAIPO,134,13403
12585,,12585,METROPOLITANA DE SANTIAGO,13,38,332,173,159,148,78,70,184,95,89,CALERA DE TANGO,MAIPO,134,13403
12586,,12586,METROPOLITANA DE SANTIAGO,13,39,317,148,169,145,72,73,172,76,96,CALERA DE TANGO,MAIPO,134,13403
12587,,12587,METROPOLITANA DE SANTIAGO,13,40,358,174,184,179,92,87,179,82,97,CALERA DE TANGO,MAIPO,134,13403
12588,,12588,METROPOLITANA DE SANTIAGO,13,41,350,184,166,160,92,68,190,92,98,CALERA DE TANGO,MAIPO,134,13403
12589,,12589,METROPOLITANA DE SANTIAGO,13,42,371,185,186,160,79,81,211,106,105,CALERA DE TANGO,MAIPO,134,13403
12590,,12590,METROPOLITANA DE SANTIAGO,13,43,381,190,191,163,83,80,218,107,111,CALERA DE TANGO,MAIPO,134,13403
12591,,12591,METROPOLITANA DE SANTIAGO,13,44,396,197,199,163,84,79,233,113,120,CALERA DE TANGO,MAIPO,134,13403
12592,,12592,METROPOLITANA DE SANTIAGO,13,45,340,163,177,140,61,79,200,102,98,CALERA DE TANGO,MAIPO,134,13403
12593,,12593,METROPOLITANA DE SANTIAGO,13,46,341,172,169,155,77,78,186,95,91,CALERA DE TANGO,MAIPO,134,13403
12594,,12594,METROPOLITANA DE SANTIAGO,13,47,382,196,186,154,74,80,228,122,106,CALERA DE TANGO,MAIPO,134,13403
12595,,12595,METROPOLITANA DE SANTIAGO,13,48,343,163,180,155,74,81,188,89,99,CALERA DE TANGO,MAIPO,134,13403
12596,,12596,METROPOLITANA DE SANTIAGO,13,49,357,164,193,157,75,82,200,89,111,CALERA DE TANGO,MAIPO,134,13403
12597,,12597,METROPOLITANA DE SANTIAGO,13,50,393,185,208,183,81,102,210,104,106,CALERA DE TANGO,MAIPO,134,13403
12598,,12598,METROPOLITANA DE SANTIAGO,13,51,378,190,188,164,83,81,214,107,107,CALERA DE TANGO,MAIPO,134,13403
12599,,12599,METROPOLITANA DE SANTIAGO,13,52,361,164,197,143,55,88,218,109,109,CALERA DE TANGO,MAIPO,134,13403
12600,,12600,METROPOLITANA DE SANTIAGO,13,53,382,176,206,164,72,92,218,104,114,CALERA DE TANGO,MAIPO,134,13403
12601,,12601,METROPOLITANA DE SANTIAGO,13,54,358,166,192,158,66,92,200,100,100,CALERA DE TANGO,MAIPO,134,13403
12602,,12602,METROPOLITANA DE SANTIAGO,13,55,338,161,177,138,65,73,200,96,104,CALERA DE TANGO,MAIPO,134,13403
12603,,12603,METROPOLITANA DE SANTIAGO,13,56,350,190,160,155,87,68,195,103,92,CALERA DE TANGO,MAIPO,134,13403
12604,,12604,METROPOLITANA DE SANTIAGO,13,57,337,161,176,140,65,75,197,96,101,CALERA DE TANGO,MAIPO,134,13403
12605,,12605,METROPOLITANA DE SANTIAGO,13,58,331,158,173,141,60,81,190,98,92,CALERA DE TANGO,MAIPO,134,13403
12606,,12606,METROPOLITANA DE SANTIAGO,13,59,280,130,150,116,57,59,164,73,91,CALERA DE TANGO,MAIPO,134,13403
12607,,12607,METROPOLITANA DE SANTIAGO,13,60,278,145,133,127,60,67,151,85,66,CALERA DE TANGO,MAIPO,134,13403
12608,,12608,METROPOLITANA DE SANTIAGO,13,61,259,139,120,109,58,51,150,81,69,CALERA DE TANGO,MAIPO,134,13403
12609,,12609,METROPOLITANA DE SANTIAGO,13,62,253,117,136,112,49,63,141,68,73,CALERA DE TANGO,MAIPO,134,13403
12610,,12610,METROPOLITANA DE SANTIAGO,13,63,225,117,108,102,55,47,123,62,61,CALERA DE TANGO,MAIPO,134,13403
12611,,12611,METROPOLITANA DE SANTIAGO,13,64,194,103,91,76,37,39,118,66,52,CALERA DE TANGO,MAIPO,134,13403
12612,,12612,METROPOLITANA DE SANTIAGO,13,65,203,112,91,91,48,43,112,64,48,CALERA DE TANGO,MAIPO,134,13403
12613,,12613,METROPOLITANA DE SANTIAGO,13,66,158,79,79,64,30,34,94,49,45,CALERA DE TANGO,MAIPO,134,13403
12614,,12614,METROPOLITANA DE SANTIAGO,13,67,197,98,99,104,52,52,93,46,47,CALERA DE TANGO,MAIPO,134,13403
12615,,12615,METROPOLITANA DE SANTIAGO,13,68,148,77,71,64,29,35,84,48,36,CALERA DE TANGO,MAIPO,134,13403
12616,,12616,METROPOLITANA DE SANTIAGO,13,69,165,90,75,75,39,36,90,51,39,CALERA DE TANGO,MAIPO,134,13403
12617,,12617,METROPOLITANA DE SANTIAGO,13,70,135,64,71,57,24,33,78,40,38,CALERA DE TANGO,MAIPO,134,13403
12618,,12618,METROPOLITANA DE SANTIAGO,13,71,129,66,63,68,31,37,61,35,26,CALERA DE TANGO,MAIPO,134,13403
12619,,12619,METROPOLITANA DE SANTIAGO,13,72,129,69,60,55,31,24,74,38,36,CALERA DE TANGO,MAIPO,134,13403
12620,,12620,METROPOLITANA DE SANTIAGO,13,73,119,67,52,57,34,23,62,33,29,CALERA DE TANGO,MAIPO,134,13403
12621,,12621,METROPOLITANA DE SANTIAGO,13,74,119,56,63,49,22,27,70,34,36,CALERA DE TANGO,MAIPO,134,13403
12622,,12622,METROPOLITANA DE SANTIAGO,13,75,84,29,55,42,16,26,42,13,29,CALERA DE TANGO,MAIPO,134,13403
12623,,12623,METROPOLITANA DE SANTIAGO,13,76,82,38,44,40,19,21,42,19,23,CALERA DE TANGO,MAIPO,134,13403
12624,,12624,METROPOLITANA DE SANTIAGO,13,77,77,32,45,33,14,19,44,18,26,CALERA DE TANGO,MAIPO,134,13403
12625,,12625,METROPOLITANA DE SANTIAGO,13,78,63,28,35,29,11,18,34,17,17,CALERA DE TANGO,MAIPO,134,13403
12626,,12626,METROPOLITANA DE SANTIAGO,13,79,74,42,32,37,20,17,37,22,15,CALERA DE TANGO,MAIPO,134,13403
12627,,12627,METROPOLITANA DE SANTIAGO,13,80,53,31,22,21,16,5,32,15,17,CALERA DE TANGO,MAIPO,134,13403
12628,,12628,METROPOLITANA DE SANTIAGO,13,81,45,18,27,18,7,11,27,11,16,CALERA DE TANGO,MAIPO,134,13403
12629,,12629,METROPOLITANA DE SANTIAGO,13,82,65,28,37,32,16,16,33,12,21,CALERA DE TANGO,MAIPO,134,13403
12630,,12630,METROPOLITANA DE SANTIAGO,13,83,40,19,21,14,5,9,26,14,12,CALERA DE TANGO,MAIPO,134,13403
12631,,12631,METROPOLITANA DE SANTIAGO,13,84,52,21,31,20,9,11,32,12,20,CALERA DE TANGO,MAIPO,134,13403
12632,,12632,METROPOLITANA DE SANTIAGO,13,85,37,12,25,11,3,8,26,9,17,CALERA DE TANGO,MAIPO,134,13403
12633,,12633,METROPOLITANA DE SANTIAGO,13,86,32,16,16,15,7,8,17,9,8,CALERA DE TANGO,MAIPO,134,13403
12634,,12634,METROPOLITANA DE SANTIAGO,13,87,47,15,32,20,5,15,27,10,17,CALERA DE TANGO,MAIPO,134,13403
12635,,12635,METROPOLITANA DE SANTIAGO,13,88,29,10,19,16,6,10,13,4,9,CALERA DE TANGO,MAIPO,134,13403
12636,,12636,METROPOLITANA DE SANTIAGO,13,89,26,9,17,5,1,4,21,8,13,CALERA DE TANGO,MAIPO,134,13403
12637,,12637,METROPOLITANA DE SANTIAGO,13,90,15,4,11,10,2,8,5,2,3,CALERA DE TANGO,MAIPO,134,13403
12638,,12638,METROPOLITANA DE SANTIAGO,13,91,12,5,7,5,1,4,7,4,3,CALERA DE TANGO,MAIPO,134,13403
12639,,12639,METROPOLITANA DE SANTIAGO,13,92,11,1,10,3,0,3,8,1,7,CALERA DE TANGO,MAIPO,134,13403
12640,,12640,METROPOLITANA DE SANTIAGO,13,93,11,5,6,5,3,2,6,2,4,CALERA DE TANGO,MAIPO,134,13403
12641,,12641,METROPOLITANA DE SANTIAGO,13,94,7,2,5,2,2,0,5,0,5,CALERA DE TANGO,MAIPO,134,13403
12642,,12642,METROPOLITANA DE SANTIAGO,13,95,6,3,3,2,2,0,4,1,3,CALERA DE TANGO,MAIPO,134,13403
12643,,12643,METROPOLITANA DE SANTIAGO,13,96,10,1,9,4,0,4,6,1,5,CALERA DE TANGO,MAIPO,134,13403
12644,,12644,METROPOLITANA DE SANTIAGO,13,97,3,0,3,1,0,1,2,0,2,CALERA DE TANGO,MAIPO,134,13403
12645,,12645,METROPOLITANA DE SANTIAGO,13,98,0,0,0,0,0,0,0,0,0,CALERA DE TANGO,MAIPO,134,13403
12646,,12646,METROPOLITANA DE SANTIAGO,13,99,1,0,1,1,0,1,0,0,0,CALERA DE TANGO,MAIPO,134,13403
12647,,12647,METROPOLITANA DE SANTIAGO,13,100 o más,8,4,4,2,1,1,6,3,3,CALERA DE TANGO,MAIPO,134,13403
12648,,12648,METROPOLITANA DE SANTIAGO,13,Total Comuna,72759,36521,36238,46753,23191,23562,26006,13330,12676,PAINE,MAIPO,134,13404
12649,,12649,METROPOLITANA DE SANTIAGO,13,0,927,475,452,615,335,280,312,140,172,PAINE,MAIPO,134,13404
12650,,12650,METROPOLITANA DE SANTIAGO,13,1,1029,528,501,668,347,321,361,181,180,PAINE,MAIPO,134,13404
12651,,12651,METROPOLITANA DE SANTIAGO,13,2,1046,533,513,681,353,328,365,180,185,PAINE,MAIPO,134,13404
12652,,12652,METROPOLITANA DE SANTIAGO,13,3,1007,541,466,642,349,293,365,192,173,PAINE,MAIPO,134,13404
12653,,12653,METROPOLITANA DE SANTIAGO,13,4,1091,561,530,715,377,338,376,184,192,PAINE,MAIPO,134,13404
12654,,12654,METROPOLITANA DE SANTIAGO,13,5,1138,568,570,732,373,359,406,195,211,PAINE,MAIPO,134,13404
12655,,12655,METROPOLITANA DE SANTIAGO,13,6,1128,574,554,767,395,372,361,179,182,PAINE,MAIPO,134,13404
12656,,12656,METROPOLITANA DE SANTIAGO,13,7,1172,609,563,782,404,378,390,205,185,PAINE,MAIPO,134,13404
12657,,12657,METROPOLITANA DE SANTIAGO,13,8,1085,536,549,729,361,368,356,175,181,PAINE,MAIPO,134,13404
12658,,12658,METROPOLITANA DE SANTIAGO,13,9,1075,530,545,720,350,370,355,180,175,PAINE,MAIPO,134,13404
12659,,12659,METROPOLITANA DE SANTIAGO,13,10,1053,506,547,681,339,342,372,167,205,PAINE,MAIPO,134,13404
12660,,12660,METROPOLITANA DE SANTIAGO,13,11,1043,531,512,677,348,329,366,183,183,PAINE,MAIPO,134,13404
12661,,12661,METROPOLITANA DE SANTIAGO,13,12,1051,543,508,689,345,344,362,198,164,PAINE,MAIPO,134,13404
12662,,12662,METROPOLITANA DE SANTIAGO,13,13,1006,491,515,689,337,352,317,154,163,PAINE,MAIPO,134,13404
12663,,12663,METROPOLITANA DE SANTIAGO,13,14,1073,561,512,696,341,355,377,220,157,PAINE,MAIPO,134,13404
12664,,12664,METROPOLITANA DE SANTIAGO,13,15,1111,578,533,711,346,365,400,232,168,PAINE,MAIPO,134,13404
12665,,12665,METROPOLITANA DE SANTIAGO,13,16,1159,575,584,785,391,394,374,184,190,PAINE,MAIPO,134,13404
12666,,12666,METROPOLITANA DE SANTIAGO,13,17,1048,543,505,696,359,337,352,184,168,PAINE,MAIPO,134,13404
12667,,12667,METROPOLITANA DE SANTIAGO,13,18,1026,485,541,721,340,381,305,145,160,PAINE,MAIPO,134,13404
12668,,12668,METROPOLITANA DE SANTIAGO,13,19,1103,578,525,753,399,354,350,179,171,PAINE,MAIPO,134,13404
12669,,12669,METROPOLITANA DE SANTIAGO,13,20,1122,541,581,745,359,386,377,182,195,PAINE,MAIPO,134,13404
12670,,12670,METROPOLITANA DE SANTIAGO,13,21,1112,539,573,767,374,393,345,165,180,PAINE,MAIPO,134,13404
12671,,12671,METROPOLITANA DE SANTIAGO,13,22,1160,584,576,798,401,397,362,183,179,PAINE,MAIPO,134,13404
12672,,12672,METROPOLITANA DE SANTIAGO,13,23,1147,617,530,775,422,353,372,195,177,PAINE,MAIPO,134,13404
12673,,12673,METROPOLITANA DE SANTIAGO,13,24,1229,666,563,813,444,369,416,222,194,PAINE,MAIPO,134,13404
12674,,12674,METROPOLITANA DE SANTIAGO,13,25,1178,610,568,801,423,378,377,187,190,PAINE,MAIPO,134,13404
12675,,12675,METROPOLITANA DE SANTIAGO,13,26,1203,597,606,780,384,396,423,213,210,PAINE,MAIPO,134,13404
12676,,12676,METROPOLITANA DE SANTIAGO,13,27,1188,616,572,805,419,386,383,197,186,PAINE,MAIPO,134,13404
12677,,12677,METROPOLITANA DE SANTIAGO,13,28,1158,571,587,772,385,387,386,186,200,PAINE,MAIPO,134,13404
12678,,12678,METROPOLITANA DE SANTIAGO,13,29,1092,512,580,716,332,384,376,180,196,PAINE,MAIPO,134,13404
12679,,12679,METROPOLITANA DE SANTIAGO,13,30,1052,546,506,704,354,350,348,192,156,PAINE,MAIPO,134,13404
12680,,12680,METROPOLITANA DE SANTIAGO,13,31,997,513,484,671,349,322,326,164,162,PAINE,MAIPO,134,13404
12681,,12681,METROPOLITANA DE SANTIAGO,13,32,996,518,478,683,354,329,313,164,149,PAINE,MAIPO,134,13404
12682,,12682,METROPOLITANA DE SANTIAGO,13,33,996,493,503,666,323,343,330,170,160,PAINE,MAIPO,134,13404
12683,,12683,METROPOLITANA DE SANTIAGO,13,34,1058,514,544,696,336,360,362,178,184,PAINE,MAIPO,134,13404
12684,,12684,METROPOLITANA DE SANTIAGO,13,35,1182,595,587,736,363,373,446,232,214,PAINE,MAIPO,134,13404
12685,,12685,METROPOLITANA DE SANTIAGO,13,36,976,469,507,621,300,321,355,169,186,PAINE,MAIPO,134,13404
12686,,12686,METROPOLITANA DE SANTIAGO,13,37,1042,538,504,671,343,328,371,195,176,PAINE,MAIPO,134,13404
12687,,12687,METROPOLITANA DE SANTIAGO,13,38,978,508,470,649,332,317,329,176,153,PAINE,MAIPO,134,13404
12688,,12688,METROPOLITANA DE SANTIAGO,13,39,974,478,496,593,278,315,381,200,181,PAINE,MAIPO,134,13404
12689,,12689,METROPOLITANA DE SANTIAGO,13,40,988,492,496,637,307,330,351,185,166,PAINE,MAIPO,134,13404
12690,,12690,METROPOLITANA DE SANTIAGO,13,41,973,494,479,636,322,314,337,172,165,PAINE,MAIPO,134,13404
12691,,12691,METROPOLITANA DE SANTIAGO,13,42,989,523,466,625,332,293,364,191,173,PAINE,MAIPO,134,13404
12692,,12692,METROPOLITANA DE SANTIAGO,13,43,1055,514,541,665,321,344,390,193,197,PAINE,MAIPO,134,13404
12693,,12693,METROPOLITANA DE SANTIAGO,13,44,993,477,516,637,293,344,356,184,172,PAINE,MAIPO,134,13404
12694,,12694,METROPOLITANA DE SANTIAGO,13,45,1019,502,517,645,307,338,374,195,179,PAINE,MAIPO,134,13404
12695,,12695,METROPOLITANA DE SANTIAGO,13,46,947,478,469,612,300,312,335,178,157,PAINE,MAIPO,134,13404
12696,,12696,METROPOLITANA DE SANTIAGO,13,47,933,457,476,614,295,319,319,162,157,PAINE,MAIPO,134,13404
12697,,12697,METROPOLITANA DE SANTIAGO,13,48,1001,514,487,651,334,317,350,180,170,PAINE,MAIPO,134,13404
12698,,12698,METROPOLITANA DE SANTIAGO,13,49,1064,523,541,681,328,353,383,195,188,PAINE,MAIPO,134,13404
12699,,12699,METROPOLITANA DE SANTIAGO,13,50,1043,530,513,654,331,323,389,199,190,PAINE,MAIPO,134,13404
12700,,12700,METROPOLITANA DE SANTIAGO,13,51,955,485,470,584,294,290,371,191,180,PAINE,MAIPO,134,13404
12701,,12701,METROPOLITANA DE SANTIAGO,13,52,1021,486,535,636,309,327,385,177,208,PAINE,MAIPO,134,13404
12702,,12702,METROPOLITANA DE SANTIAGO,13,53,1019,502,517,610,294,316,409,208,201,PAINE,MAIPO,134,13404
12703,,12703,METROPOLITANA DE SANTIAGO,13,54,986,494,492,612,301,311,374,193,181,PAINE,MAIPO,134,13404
12704,,12704,METROPOLITANA DE SANTIAGO,13,55,892,476,416,530,279,251,362,197,165,PAINE,MAIPO,134,13404
12705,,12705,METROPOLITANA DE SANTIAGO,13,56,863,422,441,535,246,289,328,176,152,PAINE,MAIPO,134,13404
12706,,12706,METROPOLITANA DE SANTIAGO,13,57,811,421,390,488,248,240,323,173,150,PAINE,MAIPO,134,13404
12707,,12707,METROPOLITANA DE SANTIAGO,13,58,832,403,429,521,238,283,311,165,146,PAINE,MAIPO,134,13404
12708,,12708,METROPOLITANA DE SANTIAGO,13,59,785,393,392,446,201,245,339,192,147,PAINE,MAIPO,134,13404
12709,,12709,METROPOLITANA DE SANTIAGO,13,60,764,410,354,451,230,221,313,180,133,PAINE,MAIPO,134,13404
12710,,12710,METROPOLITANA DE SANTIAGO,13,61,695,337,358,406,175,231,289,162,127,PAINE,MAIPO,134,13404
12711,,12711,METROPOLITANA DE SANTIAGO,13,62,643,307,336,384,177,207,259,130,129,PAINE,MAIPO,134,13404
12712,,12712,METROPOLITANA DE SANTIAGO,13,63,617,296,321,377,172,205,240,124,116,PAINE,MAIPO,134,13404
12713,,12713,METROPOLITANA DE SANTIAGO,13,64,576,275,301,341,157,184,235,118,117,PAINE,MAIPO,134,13404
12714,,12714,METROPOLITANA DE SANTIAGO,13,65,603,301,302,335,155,180,268,146,122,PAINE,MAIPO,134,13404
12715,,12715,METROPOLITANA DE SANTIAGO,13,66,518,274,244,301,152,149,217,122,95,PAINE,MAIPO,134,13404
12716,,12716,METROPOLITANA DE SANTIAGO,13,67,539,256,283,296,148,148,243,108,135,PAINE,MAIPO,134,13404
12717,,12717,METROPOLITANA DE SANTIAGO,13,68,483,238,245,283,129,154,200,109,91,PAINE,MAIPO,134,13404
12718,,12718,METROPOLITANA DE SANTIAGO,13,69,481,259,222,291,157,134,190,102,88,PAINE,MAIPO,134,13404
12719,,12719,METROPOLITANA DE SANTIAGO,13,70,405,209,196,233,114,119,172,95,77,PAINE,MAIPO,134,13404
12720,,12720,METROPOLITANA DE SANTIAGO,13,71,390,201,189,226,112,114,164,89,75,PAINE,MAIPO,134,13404
12721,,12721,METROPOLITANA DE SANTIAGO,13,72,372,181,191,229,111,118,143,70,73,PAINE,MAIPO,134,13404
12722,,12722,METROPOLITANA DE SANTIAGO,13,73,337,180,157,209,105,104,128,75,53,PAINE,MAIPO,134,13404
12723,,12723,METROPOLITANA DE SANTIAGO,13,74,328,166,162,184,83,101,144,83,61,PAINE,MAIPO,134,13404
12724,,12724,METROPOLITANA DE SANTIAGO,13,75,313,165,148,195,100,95,118,65,53,PAINE,MAIPO,134,13404
12725,,12725,METROPOLITANA DE SANTIAGO,13,76,263,109,154,156,64,92,107,45,62,PAINE,MAIPO,134,13404
12726,,12726,METROPOLITANA DE SANTIAGO,13,77,215,105,110,137,63,74,78,42,36,PAINE,MAIPO,134,13404
12727,,12727,METROPOLITANA DE SANTIAGO,13,78,204,110,94,132,67,65,72,43,29,PAINE,MAIPO,134,13404
12728,,12728,METROPOLITANA DE SANTIAGO,13,79,202,88,114,116,45,71,86,43,43,PAINE,MAIPO,134,13404
12729,,12729,METROPOLITANA DE SANTIAGO,13,80,180,84,96,104,49,55,76,35,41,PAINE,MAIPO,134,13404
12730,,12730,METROPOLITANA DE SANTIAGO,13,81,157,78,79,93,42,51,64,36,28,PAINE,MAIPO,134,13404
12731,,12731,METROPOLITANA DE SANTIAGO,13,82,134,58,76,74,32,42,60,26,34,PAINE,MAIPO,134,13404
12732,,12732,METROPOLITANA DE SANTIAGO,13,83,120,46,74,72,23,49,48,23,25,PAINE,MAIPO,134,13404
12733,,12733,METROPOLITANA DE SANTIAGO,13,84,113,45,68,66,29,37,47,16,31,PAINE,MAIPO,134,13404
12734,,12734,METROPOLITANA DE SANTIAGO,13,85,114,53,61,77,35,42,37,18,19,PAINE,MAIPO,134,13404
12735,,12735,METROPOLITANA DE SANTIAGO,13,86,124,54,70,69,27,42,55,27,28,PAINE,MAIPO,134,13404
12736,,12736,METROPOLITANA DE SANTIAGO,13,87,102,42,60,55,19,36,47,23,24,PAINE,MAIPO,134,13404
12737,,12737,METROPOLITANA DE SANTIAGO,13,88,76,29,47,43,16,27,33,13,20,PAINE,MAIPO,134,13404
12738,,12738,METROPOLITANA DE SANTIAGO,13,89,74,25,49,47,16,31,27,9,18,PAINE,MAIPO,134,13404
12739,,12739,METROPOLITANA DE SANTIAGO,13,90,53,20,33,27,9,18,26,11,15,PAINE,MAIPO,134,13404
12740,,12740,METROPOLITANA DE SANTIAGO,13,91,38,15,23,19,7,12,19,8,11,PAINE,MAIPO,134,13404
12741,,12741,METROPOLITANA DE SANTIAGO,13,92,30,7,23,20,3,17,10,4,6,PAINE,MAIPO,134,13404
12742,,12742,METROPOLITANA DE SANTIAGO,13,93,29,14,15,18,9,9,11,5,6,PAINE,MAIPO,134,13404
12743,,12743,METROPOLITANA DE SANTIAGO,13,94,22,7,15,14,4,10,8,3,5,PAINE,MAIPO,134,13404
12744,,12744,METROPOLITANA DE SANTIAGO,13,95,13,3,10,8,3,5,5,0,5,PAINE,MAIPO,134,13404
12745,,12745,METROPOLITANA DE SANTIAGO,13,96,19,7,12,13,4,9,6,3,3,PAINE,MAIPO,134,13404
12746,,12746,METROPOLITANA DE SANTIAGO,13,97,10,1,9,9,1,8,1,0,1,PAINE,MAIPO,134,13404
12747,,12747,METROPOLITANA DE SANTIAGO,13,98,4,2,2,2,0,2,2,2,0,PAINE,MAIPO,134,13404
12748,,12748,METROPOLITANA DE SANTIAGO,13,99,4,2,2,0,0,0,4,2,2,PAINE,MAIPO,134,13404
12749,,12749,METROPOLITANA DE SANTIAGO,13,100 o más,15,5,10,11,3,8,4,2,2,PAINE,MAIPO,134,13404
12750,,12750,METROPOLITANA DE SANTIAGO,13,Total Comuna,123627,61410,62217,84724,41346,43378,38903,20064,18839,MELIPILLA,MELIPILLA,135,13501
12751,,12751,METROPOLITANA DE SANTIAGO,13,0,1545,788,757,1107,571,536,438,217,221,MELIPILLA,MELIPILLA,135,13501
12752,,12752,METROPOLITANA DE SANTIAGO,13,1,1728,869,859,1215,611,604,513,258,255,MELIPILLA,MELIPILLA,135,13501
12753,,12753,METROPOLITANA DE SANTIAGO,13,2,1834,904,930,1299,646,653,535,258,277,MELIPILLA,MELIPILLA,135,13501
12754,,12754,METROPOLITANA DE SANTIAGO,13,3,1724,904,820,1228,643,585,496,261,235,MELIPILLA,MELIPILLA,135,13501
12755,,12755,METROPOLITANA DE SANTIAGO,13,4,1707,859,848,1192,574,618,515,285,230,MELIPILLA,MELIPILLA,135,13501
12756,,12756,METROPOLITANA DE SANTIAGO,13,5,1882,1004,878,1366,738,628,516,266,250,MELIPILLA,MELIPILLA,135,13501
12757,,12757,METROPOLITANA DE SANTIAGO,13,6,1837,959,878,1317,703,614,520,256,264,MELIPILLA,MELIPILLA,135,13501
12758,,12758,METROPOLITANA DE SANTIAGO,13,7,1829,861,968,1316,610,706,513,251,262,MELIPILLA,MELIPILLA,135,13501
12759,,12759,METROPOLITANA DE SANTIAGO,13,8,1821,922,899,1250,621,629,571,301,270,MELIPILLA,MELIPILLA,135,13501
12760,,12760,METROPOLITANA DE SANTIAGO,13,9,1634,830,804,1138,570,568,496,260,236,MELIPILLA,MELIPILLA,135,13501
12761,,12761,METROPOLITANA DE SANTIAGO,13,10,1614,821,793,1126,553,573,488,268,220,MELIPILLA,MELIPILLA,135,13501
12762,,12762,METROPOLITANA DE SANTIAGO,13,11,1667,877,790,1157,589,568,510,288,222,MELIPILLA,MELIPILLA,135,13501
12763,,12763,METROPOLITANA DE SANTIAGO,13,12,1689,889,800,1173,617,556,516,272,244,MELIPILLA,MELIPILLA,135,13501
12764,,12764,METROPOLITANA DE SANTIAGO,13,13,1621,787,834,1108,513,595,513,274,239,MELIPILLA,MELIPILLA,135,13501
12765,,12765,METROPOLITANA DE SANTIAGO,13,14,1775,934,841,1231,657,574,544,277,267,MELIPILLA,MELIPILLA,135,13501
12766,,12766,METROPOLITANA DE SANTIAGO,13,15,1805,953,852,1271,674,597,534,279,255,MELIPILLA,MELIPILLA,135,13501
12767,,12767,METROPOLITANA DE SANTIAGO,13,16,1814,917,897,1240,631,609,574,286,288,MELIPILLA,MELIPILLA,135,13501
12768,,12768,METROPOLITANA DE SANTIAGO,13,17,1831,907,924,1307,633,674,524,274,250,MELIPILLA,MELIPILLA,135,13501
12769,,12769,METROPOLITANA DE SANTIAGO,13,18,1806,956,850,1298,687,611,508,269,239,MELIPILLA,MELIPILLA,135,13501
12770,,12770,METROPOLITANA DE SANTIAGO,13,19,1768,901,867,1268,649,619,500,252,248,MELIPILLA,MELIPILLA,135,13501
12771,,12771,METROPOLITANA DE SANTIAGO,13,20,1777,867,910,1253,610,643,524,257,267,MELIPILLA,MELIPILLA,135,13501
12772,,12772,METROPOLITANA DE SANTIAGO,13,21,1794,886,908,1272,631,641,522,255,267,MELIPILLA,MELIPILLA,135,13501
12773,,12773,METROPOLITANA DE SANTIAGO,13,22,1951,981,970,1396,682,714,555,299,256,MELIPILLA,MELIPILLA,135,13501
12774,,12774,METROPOLITANA DE SANTIAGO,13,23,1985,1027,958,1445,753,692,540,274,266,MELIPILLA,MELIPILLA,135,13501
12775,,12775,METROPOLITANA DE SANTIAGO,13,24,1991,985,1006,1429,697,732,562,288,274,MELIPILLA,MELIPILLA,135,13501
12776,,12776,METROPOLITANA DE SANTIAGO,13,25,1942,971,971,1422,707,715,520,264,256,MELIPILLA,MELIPILLA,135,13501
12777,,12777,METROPOLITANA DE SANTIAGO,13,26,2002,1030,972,1441,737,704,561,293,268,MELIPILLA,MELIPILLA,135,13501
12778,,12778,METROPOLITANA DE SANTIAGO,13,27,2070,1011,1059,1514,739,775,556,272,284,MELIPILLA,MELIPILLA,135,13501
12779,,12779,METROPOLITANA DE SANTIAGO,13,28,2054,1071,983,1491,790,701,563,281,282,MELIPILLA,MELIPILLA,135,13501
12780,,12780,METROPOLITANA DE SANTIAGO,13,29,1894,947,947,1350,677,673,544,270,274,MELIPILLA,MELIPILLA,135,13501
12781,,12781,METROPOLITANA DE SANTIAGO,13,30,1877,951,926,1377,687,690,500,264,236,MELIPILLA,MELIPILLA,135,13501
12782,,12782,METROPOLITANA DE SANTIAGO,13,31,1803,920,883,1316,656,660,487,264,223,MELIPILLA,MELIPILLA,135,13501
12783,,12783,METROPOLITANA DE SANTIAGO,13,32,1702,848,854,1237,605,632,465,243,222,MELIPILLA,MELIPILLA,135,13501
12784,,12784,METROPOLITANA DE SANTIAGO,13,33,1695,836,859,1209,602,607,486,234,252,MELIPILLA,MELIPILLA,135,13501
12785,,12785,METROPOLITANA DE SANTIAGO,13,34,1849,919,930,1349,674,675,500,245,255,MELIPILLA,MELIPILLA,135,13501
12786,,12786,METROPOLITANA DE SANTIAGO,13,35,1864,929,935,1395,693,702,469,236,233,MELIPILLA,MELIPILLA,135,13501
12787,,12787,METROPOLITANA DE SANTIAGO,13,36,1749,871,878,1253,622,631,496,249,247,MELIPILLA,MELIPILLA,135,13501
12788,,12788,METROPOLITANA DE SANTIAGO,13,37,1708,862,846,1207,588,619,501,274,227,MELIPILLA,MELIPILLA,135,13501
12789,,12789,METROPOLITANA DE SANTIAGO,13,38,1602,807,795,1114,554,560,488,253,235,MELIPILLA,MELIPILLA,135,13501
12790,,12790,METROPOLITANA DE SANTIAGO,13,39,1540,756,784,1068,517,551,472,239,233,MELIPILLA,MELIPILLA,135,13501
12791,,12791,METROPOLITANA DE SANTIAGO,13,40,1567,772,795,1094,534,560,473,238,235,MELIPILLA,MELIPILLA,135,13501
12792,,12792,METROPOLITANA DE SANTIAGO,13,41,1651,821,830,1144,564,580,507,257,250,MELIPILLA,MELIPILLA,135,13501
12793,,12793,METROPOLITANA DE SANTIAGO,13,42,1685,847,838,1168,599,569,517,248,269,MELIPILLA,MELIPILLA,135,13501
12794,,12794,METROPOLITANA DE SANTIAGO,13,43,1683,796,887,1174,550,624,509,246,263,MELIPILLA,MELIPILLA,135,13501
12795,,12795,METROPOLITANA DE SANTIAGO,13,44,1631,776,855,1127,530,597,504,246,258,MELIPILLA,MELIPILLA,135,13501
12796,,12796,METROPOLITANA DE SANTIAGO,13,45,1550,792,758,1021,522,499,529,270,259,MELIPILLA,MELIPILLA,135,13501
12797,,12797,METROPOLITANA DE SANTIAGO,13,46,1557,754,803,1044,489,555,513,265,248,MELIPILLA,MELIPILLA,135,13501
12798,,12798,METROPOLITANA DE SANTIAGO,13,47,1562,779,783,1036,504,532,526,275,251,MELIPILLA,MELIPILLA,135,13501
12799,,12799,METROPOLITANA DE SANTIAGO,13,48,1613,779,834,1043,506,537,570,273,297,MELIPILLA,MELIPILLA,135,13501
12800,,12800,METROPOLITANA DE SANTIAGO,13,49,1576,798,778,1032,525,507,544,273,271,MELIPILLA,MELIPILLA,135,13501
12801,,12801,METROPOLITANA DE SANTIAGO,13,50,1617,782,835,1042,500,542,575,282,293,MELIPILLA,MELIPILLA,135,13501
12802,,12802,METROPOLITANA DE SANTIAGO,13,51,1686,810,876,1064,472,592,622,338,284,MELIPILLA,MELIPILLA,135,13501
12803,,12803,METROPOLITANA DE SANTIAGO,13,52,1659,805,854,1034,483,551,625,322,303,MELIPILLA,MELIPILLA,135,13501
12804,,12804,METROPOLITANA DE SANTIAGO,13,53,1588,803,785,1013,498,515,575,305,270,MELIPILLA,MELIPILLA,135,13501
12805,,12805,METROPOLITANA DE SANTIAGO,13,54,1628,809,819,1049,494,555,579,315,264,MELIPILLA,MELIPILLA,135,13501
12806,,12806,METROPOLITANA DE SANTIAGO,13,55,1598,771,827,1026,465,561,572,306,266,MELIPILLA,MELIPILLA,135,13501
12807,,12807,METROPOLITANA DE SANTIAGO,13,56,1579,781,798,997,477,520,582,304,278,MELIPILLA,MELIPILLA,135,13501
12808,,12808,METROPOLITANA DE SANTIAGO,13,57,1423,680,743,900,435,465,523,245,278,MELIPILLA,MELIPILLA,135,13501
12809,,12809,METROPOLITANA DE SANTIAGO,13,58,1479,738,741,955,445,510,524,293,231,MELIPILLA,MELIPILLA,135,13501
12810,,12810,METROPOLITANA DE SANTIAGO,13,59,1417,674,743,955,418,537,462,256,206,MELIPILLA,MELIPILLA,135,13501
12811,,12811,METROPOLITANA DE SANTIAGO,13,60,1291,634,657,827,384,443,464,250,214,MELIPILLA,MELIPILLA,135,13501
12812,,12812,METROPOLITANA DE SANTIAGO,13,61,1235,597,638,812,376,436,423,221,202,MELIPILLA,MELIPILLA,135,13501
12813,,12813,METROPOLITANA DE SANTIAGO,13,62,1182,586,596,734,344,390,448,242,206,MELIPILLA,MELIPILLA,135,13501
12814,,12814,METROPOLITANA DE SANTIAGO,13,63,1089,523,566,718,326,392,371,197,174,MELIPILLA,MELIPILLA,135,13501
12815,,12815,METROPOLITANA DE SANTIAGO,13,64,1038,518,520,652,316,336,386,202,184,MELIPILLA,MELIPILLA,135,13501
12816,,12816,METROPOLITANA DE SANTIAGO,13,65,1043,520,523,650,317,333,393,203,190,MELIPILLA,MELIPILLA,135,13501
12817,,12817,METROPOLITANA DE SANTIAGO,13,66,982,464,518,628,279,349,354,185,169,MELIPILLA,MELIPILLA,135,13501
12818,,12818,METROPOLITANA DE SANTIAGO,13,67,942,449,493,581,267,314,361,182,179,MELIPILLA,MELIPILLA,135,13501
12819,,12819,METROPOLITANA DE SANTIAGO,13,68,909,422,487,577,240,337,332,182,150,MELIPILLA,MELIPILLA,135,13501
12820,,12820,METROPOLITANA DE SANTIAGO,13,69,836,390,446,537,238,299,299,152,147,MELIPILLA,MELIPILLA,135,13501
12821,,12821,METROPOLITANA DE SANTIAGO,13,70,768,375,393,474,222,252,294,153,141,MELIPILLA,MELIPILLA,135,13501
12822,,12822,METROPOLITANA DE SANTIAGO,13,71,803,379,424,481,205,276,322,174,148,MELIPILLA,MELIPILLA,135,13501
12823,,12823,METROPOLITANA DE SANTIAGO,13,72,766,393,373,460,213,247,306,180,126,MELIPILLA,MELIPILLA,135,13501
12824,,12824,METROPOLITANA DE SANTIAGO,13,73,675,334,341,425,199,226,250,135,115,MELIPILLA,MELIPILLA,135,13501
12825,,12825,METROPOLITANA DE SANTIAGO,13,74,648,307,341,394,168,226,254,139,115,MELIPILLA,MELIPILLA,135,13501
12826,,12826,METROPOLITANA DE SANTIAGO,13,75,628,293,335,390,181,209,238,112,126,MELIPILLA,MELIPILLA,135,13501
12827,,12827,METROPOLITANA DE SANTIAGO,13,76,562,252,310,354,154,200,208,98,110,MELIPILLA,MELIPILLA,135,13501
12828,,12828,METROPOLITANA DE SANTIAGO,13,77,533,245,288,325,139,186,208,106,102,MELIPILLA,MELIPILLA,135,13501
12829,,12829,METROPOLITANA DE SANTIAGO,13,78,469,239,230,300,144,156,169,95,74,MELIPILLA,MELIPILLA,135,13501
12830,,12830,METROPOLITANA DE SANTIAGO,13,79,461,201,260,287,110,177,174,91,83,MELIPILLA,MELIPILLA,135,13501
12831,,12831,METROPOLITANA DE SANTIAGO,13,80,393,190,203,245,102,143,148,88,60,MELIPILLA,MELIPILLA,135,13501
12832,,12832,METROPOLITANA DE SANTIAGO,13,81,348,166,182,208,96,112,140,70,70,MELIPILLA,MELIPILLA,135,13501
12833,,12833,METROPOLITANA DE SANTIAGO,13,82,367,163,204,225,84,141,142,79,63,MELIPILLA,MELIPILLA,135,13501
12834,,12834,METROPOLITANA DE SANTIAGO,13,83,289,135,154,172,72,100,117,63,54,MELIPILLA,MELIPILLA,135,13501
12835,,12835,METROPOLITANA DE SANTIAGO,13,84,278,138,140,175,80,95,103,58,45,MELIPILLA,MELIPILLA,135,13501
12836,,12836,METROPOLITANA DE SANTIAGO,13,85,262,114,148,172,71,101,90,43,47,MELIPILLA,MELIPILLA,135,13501
12837,,12837,METROPOLITANA DE SANTIAGO,13,86,244,95,149,146,55,91,98,40,58,MELIPILLA,MELIPILLA,135,13501
12838,,12838,METROPOLITANA DE SANTIAGO,13,87,216,97,119,150,56,94,66,41,25,MELIPILLA,MELIPILLA,135,13501
12839,,12839,METROPOLITANA DE SANTIAGO,13,88,168,65,103,102,34,68,66,31,35,MELIPILLA,MELIPILLA,135,13501
12840,,12840,METROPOLITANA DE SANTIAGO,13,89,130,52,78,78,27,51,52,25,27,MELIPILLA,MELIPILLA,135,13501
12841,,12841,METROPOLITANA DE SANTIAGO,13,90,121,48,73,86,35,51,35,13,22,MELIPILLA,MELIPILLA,135,13501
12842,,12842,METROPOLITANA DE SANTIAGO,13,91,84,30,54,60,20,40,24,10,14,MELIPILLA,MELIPILLA,135,13501
12843,,12843,METROPOLITANA DE SANTIAGO,13,92,83,34,49,60,25,35,23,9,14,MELIPILLA,MELIPILLA,135,13501
12844,,12844,METROPOLITANA DE SANTIAGO,13,93,70,23,47,45,10,35,25,13,12,MELIPILLA,MELIPILLA,135,13501
12845,,12845,METROPOLITANA DE SANTIAGO,13,94,55,21,34,41,16,25,14,5,9,MELIPILLA,MELIPILLA,135,13501
12846,,12846,METROPOLITANA DE SANTIAGO,13,95,45,11,34,33,6,27,12,5,7,MELIPILLA,MELIPILLA,135,13501
12847,,12847,METROPOLITANA DE SANTIAGO,13,96,29,4,25,18,3,15,11,1,10,MELIPILLA,MELIPILLA,135,13501
12848,,12848,METROPOLITANA DE SANTIAGO,13,97,13,5,8,7,2,5,6,3,3,MELIPILLA,MELIPILLA,135,13501
12849,,12849,METROPOLITANA DE SANTIAGO,13,98,9,2,7,7,1,6,2,1,1,MELIPILLA,MELIPILLA,135,13501
12850,,12850,METROPOLITANA DE SANTIAGO,13,99,12,1,11,8,0,8,4,1,3,MELIPILLA,MELIPILLA,135,13501
12851,,12851,METROPOLITANA DE SANTIAGO,13,100 o más,22,11,11,17,8,9,5,3,2,MELIPILLA,MELIPILLA,135,13501
12852,,12852,METROPOLITANA DE SANTIAGO,13,Total Comuna,6444,3516,2928,2784,1561,1223,3660,1955,1705,ALHUÉ,MELIPILLA,135,13502
12853,,12853,METROPOLITANA DE SANTIAGO,13,0,63,27,36,23,9,14,40,18,22,ALHUÉ,MELIPILLA,135,13502
12854,,12854,METROPOLITANA DE SANTIAGO,13,1,90,47,43,32,14,18,58,33,25,ALHUÉ,MELIPILLA,135,13502
12855,,12855,METROPOLITANA DE SANTIAGO,13,2,97,48,49,38,15,23,59,33,26,ALHUÉ,MELIPILLA,135,13502
12856,,12856,METROPOLITANA DE SANTIAGO,13,3,80,36,44,33,16,17,47,20,27,ALHUÉ,MELIPILLA,135,13502
12857,,12857,METROPOLITANA DE SANTIAGO,13,4,93,47,46,40,24,16,53,23,30,ALHUÉ,MELIPILLA,135,13502
12858,,12858,METROPOLITANA DE SANTIAGO,13,5,82,33,49,27,9,18,55,24,31,ALHUÉ,MELIPILLA,135,13502
12859,,12859,METROPOLITANA DE SANTIAGO,13,6,71,38,33,25,17,8,46,21,25,ALHUÉ,MELIPILLA,135,13502
12860,,12860,METROPOLITANA DE SANTIAGO,13,7,95,53,42,39,21,18,56,32,24,ALHUÉ,MELIPILLA,135,13502
12861,,12861,METROPOLITANA DE SANTIAGO,13,8,77,43,34,35,19,16,42,24,18,ALHUÉ,MELIPILLA,135,13502
12862,,12862,METROPOLITANA DE SANTIAGO,13,9,77,39,38,36,16,20,41,23,18,ALHUÉ,MELIPILLA,135,13502
12863,,12863,METROPOLITANA DE SANTIAGO,13,10,78,42,36,29,19,10,49,23,26,ALHUÉ,MELIPILLA,135,13502
12864,,12864,METROPOLITANA DE SANTIAGO,13,11,72,37,35,31,17,14,41,20,21,ALHUÉ,MELIPILLA,135,13502
12865,,12865,METROPOLITANA DE SANTIAGO,13,12,93,52,41,37,20,17,56,32,24,ALHUÉ,MELIPILLA,135,13502
12866,,12866,METROPOLITANA DE SANTIAGO,13,13,72,34,38,39,20,19,33,14,19,ALHUÉ,MELIPILLA,135,13502
12867,,12867,METROPOLITANA DE SANTIAGO,13,14,70,36,34,31,16,15,39,20,19,ALHUÉ,MELIPILLA,135,13502
12868,,12868,METROPOLITANA DE SANTIAGO,13,15,77,41,36,32,15,17,45,26,19,ALHUÉ,MELIPILLA,135,13502
12869,,12869,METROPOLITANA DE SANTIAGO,13,16,55,34,21,21,13,8,34,21,13,ALHUÉ,MELIPILLA,135,13502
12870,,12870,METROPOLITANA DE SANTIAGO,13,17,68,39,29,31,16,15,37,23,14,ALHUÉ,MELIPILLA,135,13502
12871,,12871,METROPOLITANA DE SANTIAGO,13,18,82,40,42,35,19,16,47,21,26,ALHUÉ,MELIPILLA,135,13502
12872,,12872,METROPOLITANA DE SANTIAGO,13,19,60,35,25,17,8,9,43,27,16,ALHUÉ,MELIPILLA,135,13502
12873,,12873,METROPOLITANA DE SANTIAGO,13,20,87,45,42,31,19,12,56,26,30,ALHUÉ,MELIPILLA,135,13502
12874,,12874,METROPOLITANA DE SANTIAGO,13,21,79,38,41,30,14,16,49,24,25,ALHUÉ,MELIPILLA,135,13502
12875,,12875,METROPOLITANA DE SANTIAGO,13,22,95,51,44,38,17,21,57,34,23,ALHUÉ,MELIPILLA,135,13502
12876,,12876,METROPOLITANA DE SANTIAGO,13,23,98,56,42,39,25,14,59,31,28,ALHUÉ,MELIPILLA,135,13502
12877,,12877,METROPOLITANA DE SANTIAGO,13,24,113,66,47,36,20,16,77,46,31,ALHUÉ,MELIPILLA,135,13502
12878,,12878,METROPOLITANA DE SANTIAGO,13,25,118,58,60,48,22,26,70,36,34,ALHUÉ,MELIPILLA,135,13502
12879,,12879,METROPOLITANA DE SANTIAGO,13,26,131,72,59,55,34,21,76,38,38,ALHUÉ,MELIPILLA,135,13502
12880,,12880,METROPOLITANA DE SANTIAGO,13,27,113,57,56,52,27,25,61,30,31,ALHUÉ,MELIPILLA,135,13502
12881,,12881,METROPOLITANA DE SANTIAGO,13,28,131,74,57,58,36,22,73,38,35,ALHUÉ,MELIPILLA,135,13502
12882,,12882,METROPOLITANA DE SANTIAGO,13,29,107,57,50,45,25,20,62,32,30,ALHUÉ,MELIPILLA,135,13502
12883,,12883,METROPOLITANA DE SANTIAGO,13,30,128,62,66,57,37,20,71,25,46,ALHUÉ,MELIPILLA,135,13502
12884,,12884,METROPOLITANA DE SANTIAGO,13,31,99,59,40,34,19,15,65,40,25,ALHUÉ,MELIPILLA,135,13502
12885,,12885,METROPOLITANA DE SANTIAGO,13,32,102,44,58,43,18,25,59,26,33,ALHUÉ,MELIPILLA,135,13502
12886,,12886,METROPOLITANA DE SANTIAGO,13,33,102,61,41,37,24,13,65,37,28,ALHUÉ,MELIPILLA,135,13502
12887,,12887,METROPOLITANA DE SANTIAGO,13,34,100,63,37,40,24,16,60,39,21,ALHUÉ,MELIPILLA,135,13502
12888,,12888,METROPOLITANA DE SANTIAGO,13,35,119,61,58,49,25,24,70,36,34,ALHUÉ,MELIPILLA,135,13502
12889,,12889,METROPOLITANA DE SANTIAGO,13,36,89,50,39,37,20,17,52,30,22,ALHUÉ,MELIPILLA,135,13502
12890,,12890,METROPOLITANA DE SANTIAGO,13,37,84,45,39,44,21,23,40,24,16,ALHUÉ,MELIPILLA,135,13502
12891,,12891,METROPOLITANA DE SANTIAGO,13,38,90,50,40,36,21,15,54,29,25,ALHUÉ,MELIPILLA,135,13502
12892,,12892,METROPOLITANA DE SANTIAGO,13,39,98,58,40,53,39,14,45,19,26,ALHUÉ,MELIPILLA,135,13502
12893,,12893,METROPOLITANA DE SANTIAGO,13,40,84,41,43,35,15,20,49,26,23,ALHUÉ,MELIPILLA,135,13502
12894,,12894,METROPOLITANA DE SANTIAGO,13,41,236,210,26,159,148,11,77,62,15,ALHUÉ,MELIPILLA,135,13502
12895,,12895,METROPOLITANA DE SANTIAGO,13,42,87,46,41,34,18,16,53,28,25,ALHUÉ,MELIPILLA,135,13502
12896,,12896,METROPOLITANA DE SANTIAGO,13,43,75,42,33,37,23,14,38,19,19,ALHUÉ,MELIPILLA,135,13502
12897,,12897,METROPOLITANA DE SANTIAGO,13,44,65,42,23,27,21,6,38,21,17,ALHUÉ,MELIPILLA,135,13502
12898,,12898,METROPOLITANA DE SANTIAGO,13,45,95,49,46,35,17,18,60,32,28,ALHUÉ,MELIPILLA,135,13502
12899,,12899,METROPOLITANA DE SANTIAGO,13,46,89,44,45,43,23,20,46,21,25,ALHUÉ,MELIPILLA,135,13502
12900,,12900,METROPOLITANA DE SANTIAGO,13,47,72,40,32,28,14,14,44,26,18,ALHUÉ,MELIPILLA,135,13502
12901,,12901,METROPOLITANA DE SANTIAGO,13,48,94,57,37,39,20,19,55,37,18,ALHUÉ,MELIPILLA,135,13502
12902,,12902,METROPOLITANA DE SANTIAGO,13,49,90,51,39,40,19,21,50,32,18,ALHUÉ,MELIPILLA,135,13502
12903,,12903,METROPOLITANA DE SANTIAGO,13,50,90,52,38,42,24,18,48,28,20,ALHUÉ,MELIPILLA,135,13502
12904,,12904,METROPOLITANA DE SANTIAGO,13,51,107,59,48,61,37,24,46,22,24,ALHUÉ,MELIPILLA,135,13502
12905,,12905,METROPOLITANA DE SANTIAGO,13,52,94,51,43,45,26,19,49,25,24,ALHUÉ,MELIPILLA,135,13502
12906,,12906,METROPOLITANA DE SANTIAGO,13,53,83,55,28,38,26,12,45,29,16,ALHUÉ,MELIPILLA,135,13502
12907,,12907,METROPOLITANA DE SANTIAGO,13,54,81,34,47,37,18,19,44,16,28,ALHUÉ,MELIPILLA,135,13502
12908,,12908,METROPOLITANA DE SANTIAGO,13,55,76,41,35,39,24,15,37,17,20,ALHUÉ,MELIPILLA,135,13502
12909,,12909,METROPOLITANA DE SANTIAGO,13,56,81,41,40,30,12,18,51,29,22,ALHUÉ,MELIPILLA,135,13502
12910,,12910,METROPOLITANA DE SANTIAGO,13,57,87,53,34,38,21,17,49,32,17,ALHUÉ,MELIPILLA,135,13502
12911,,12911,METROPOLITANA DE SANTIAGO,13,58,57,25,32,24,12,12,33,13,20,ALHUÉ,MELIPILLA,135,13502
12912,,12912,METROPOLITANA DE SANTIAGO,13,59,68,36,32,26,17,9,42,19,23,ALHUÉ,MELIPILLA,135,13502
12913,,12913,METROPOLITANA DE SANTIAGO,13,60,63,42,21,34,22,12,29,20,9,ALHUÉ,MELIPILLA,135,13502
12914,,12914,METROPOLITANA DE SANTIAGO,13,61,71,37,34,35,19,16,36,18,18,ALHUÉ,MELIPILLA,135,13502
12915,,12915,METROPOLITANA DE SANTIAGO,13,62,55,33,22,26,18,8,29,15,14,ALHUÉ,MELIPILLA,135,13502
12916,,12916,METROPOLITANA DE SANTIAGO,13,63,50,30,20,24,14,10,26,16,10,ALHUÉ,MELIPILLA,135,13502
12917,,12917,METROPOLITANA DE SANTIAGO,13,64,47,25,22,19,8,11,28,17,11,ALHUÉ,MELIPILLA,135,13502
12918,,12918,METROPOLITANA DE SANTIAGO,13,65,62,30,32,30,13,17,32,17,15,ALHUÉ,MELIPILLA,135,13502
12919,,12919,METROPOLITANA DE SANTIAGO,13,66,54,31,23,20,11,9,34,20,14,ALHUÉ,MELIPILLA,135,13502
12920,,12920,METROPOLITANA DE SANTIAGO,13,67,50,25,25,15,7,8,35,18,17,ALHUÉ,MELIPILLA,135,13502
12921,,12921,METROPOLITANA DE SANTIAGO,13,68,36,19,17,17,8,9,19,11,8,ALHUÉ,MELIPILLA,135,13502
12922,,12922,METROPOLITANA DE SANTIAGO,13,69,42,23,19,16,9,7,26,14,12,ALHUÉ,MELIPILLA,135,13502
12923,,12923,METROPOLITANA DE SANTIAGO,13,70,37,16,21,17,7,10,20,9,11,ALHUÉ,MELIPILLA,135,13502
12924,,12924,METROPOLITANA DE SANTIAGO,13,71,33,15,18,12,7,5,21,8,13,ALHUÉ,MELIPILLA,135,13502
12925,,12925,METROPOLITANA DE SANTIAGO,13,72,38,20,18,11,5,6,27,15,12,ALHUÉ,MELIPILLA,135,13502
12926,,12926,METROPOLITANA DE SANTIAGO,13,73,30,15,15,11,5,6,19,10,9,ALHUÉ,MELIPILLA,135,13502
12927,,12927,METROPOLITANA DE SANTIAGO,13,74,30,16,14,13,9,4,17,7,10,ALHUÉ,MELIPILLA,135,13502
12928,,12928,METROPOLITANA DE SANTIAGO,13,75,24,14,10,12,8,4,12,6,6,ALHUÉ,MELIPILLA,135,13502
12929,,12929,METROPOLITANA DE SANTIAGO,13,76,23,8,15,11,4,7,12,4,8,ALHUÉ,MELIPILLA,135,13502
12930,,12930,METROPOLITANA DE SANTIAGO,13,77,25,17,8,11,7,4,14,10,4,ALHUÉ,MELIPILLA,135,13502
12931,,12931,METROPOLITANA DE SANTIAGO,13,78,20,8,12,6,1,5,14,7,7,ALHUÉ,MELIPILLA,135,13502
12932,,12932,METROPOLITANA DE SANTIAGO,13,79,23,9,14,10,2,8,13,7,6,ALHUÉ,MELIPILLA,135,13502
12933,,12933,METROPOLITANA DE SANTIAGO,13,80,23,12,11,11,4,7,12,8,4,ALHUÉ,MELIPILLA,135,13502
12934,,12934,METROPOLITANA DE SANTIAGO,13,81,24,12,12,12,4,8,12,8,4,ALHUÉ,MELIPILLA,135,13502
12935,,12935,METROPOLITANA DE SANTIAGO,13,82,21,8,13,8,2,6,13,6,7,ALHUÉ,MELIPILLA,135,13502
12936,,12936,METROPOLITANA DE SANTIAGO,13,83,14,7,7,8,4,4,6,3,3,ALHUÉ,MELIPILLA,135,13502
12937,,12937,METROPOLITANA DE SANTIAGO,13,84,16,8,8,7,2,5,9,6,3,ALHUÉ,MELIPILLA,135,13502
12938,,12938,METROPOLITANA DE SANTIAGO,13,85,15,7,8,5,2,3,10,5,5,ALHUÉ,MELIPILLA,135,13502
12939,,12939,METROPOLITANA DE SANTIAGO,13,86,9,5,4,5,2,3,4,3,1,ALHUÉ,MELIPILLA,135,13502
12940,,12940,METROPOLITANA DE SANTIAGO,13,87,16,8,8,6,3,3,10,5,5,ALHUÉ,MELIPILLA,135,13502
12941,,12941,METROPOLITANA DE SANTIAGO,13,88,11,6,5,8,5,3,3,1,2,ALHUÉ,MELIPILLA,135,13502
12942,,12942,METROPOLITANA DE SANTIAGO,13,89,12,5,7,3,0,3,9,5,4,ALHUÉ,MELIPILLA,135,13502
12943,,12943,METROPOLITANA DE SANTIAGO,13,90,3,2,1,3,2,1,0,0,0,ALHUÉ,MELIPILLA,135,13502
12944,,12944,METROPOLITANA DE SANTIAGO,13,91,5,1,4,2,0,2,3,1,2,ALHUÉ,MELIPILLA,135,13502
12945,,12945,METROPOLITANA DE SANTIAGO,13,92,6,1,5,1,0,1,5,1,4,ALHUÉ,MELIPILLA,135,13502
12946,,12946,METROPOLITANA DE SANTIAGO,13,93,3,1,2,1,1,0,2,0,2,ALHUÉ,MELIPILLA,135,13502
12947,,12947,METROPOLITANA DE SANTIAGO,13,94,1,1,0,1,1,0,0,0,0,ALHUÉ,MELIPILLA,135,13502
12948,,12948,METROPOLITANA DE SANTIAGO,13,95,2,1,1,1,0,1,1,1,0,ALHUÉ,MELIPILLA,135,13502
12949,,12949,METROPOLITANA DE SANTIAGO,13,96,0,0,0,0,0,0,0,0,0,ALHUÉ,MELIPILLA,135,13502
12950,,12950,METROPOLITANA DE SANTIAGO,13,97,1,0,1,1,0,1,0,0,0,ALHUÉ,MELIPILLA,135,13502
12951,,12951,METROPOLITANA DE SANTIAGO,13,98,0,0,0,0,0,0,0,0,0,ALHUÉ,MELIPILLA,135,13502
12952,,12952,METROPOLITANA DE SANTIAGO,13,99,1,1,0,0,0,0,1,1,0,ALHUÉ,MELIPILLA,135,13502
12953,,12953,METROPOLITANA DE SANTIAGO,13,100 o más,2,0,2,1,0,1,1,0,1,ALHUÉ,MELIPILLA,135,13502
12954,,12954,METROPOLITANA DE SANTIAGO,13,Total Comuna,32579,16222,16357,20360,9934,10426,12219,6288,5931,CURACAVÍ,MELIPILLA,135,13503
12955,,12955,METROPOLITANA DE SANTIAGO,13,0,375,191,184,242,128,114,133,63,70,CURACAVÍ,MELIPILLA,135,13503
12956,,12956,METROPOLITANA DE SANTIAGO,13,1,482,231,251,296,147,149,186,84,102,CURACAVÍ,MELIPILLA,135,13503
12957,,12957,METROPOLITANA DE SANTIAGO,13,2,467,231,236,301,160,141,166,71,95,CURACAVÍ,MELIPILLA,135,13503
12958,,12958,METROPOLITANA DE SANTIAGO,13,3,469,238,231,312,161,151,157,77,80,CURACAVÍ,MELIPILLA,135,13503
12959,,12959,METROPOLITANA DE SANTIAGO,13,4,447,234,213,292,151,141,155,83,72,CURACAVÍ,MELIPILLA,135,13503
12960,,12960,METROPOLITANA DE SANTIAGO,13,5,462,231,231,290,147,143,172,84,88,CURACAVÍ,MELIPILLA,135,13503
12961,,12961,METROPOLITANA DE SANTIAGO,13,6,479,240,239,302,152,150,177,88,89,CURACAVÍ,MELIPILLA,135,13503
12962,,12962,METROPOLITANA DE SANTIAGO,13,7,481,245,236,295,142,153,186,103,83,CURACAVÍ,MELIPILLA,135,13503
12963,,12963,METROPOLITANA DE SANTIAGO,13,8,462,231,231,290,134,156,172,97,75,CURACAVÍ,MELIPILLA,135,13503
12964,,12964,METROPOLITANA DE SANTIAGO,13,9,441,227,214,284,140,144,157,87,70,CURACAVÍ,MELIPILLA,135,13503
12965,,12965,METROPOLITANA DE SANTIAGO,13,10,428,224,204,270,137,133,158,87,71,CURACAVÍ,MELIPILLA,135,13503
12966,,12966,METROPOLITANA DE SANTIAGO,13,11,436,220,216,274,137,137,162,83,79,CURACAVÍ,MELIPILLA,135,13503
12967,,12967,METROPOLITANA DE SANTIAGO,13,12,430,223,207,264,144,120,166,79,87,CURACAVÍ,MELIPILLA,135,13503
12968,,12968,METROPOLITANA DE SANTIAGO,13,13,421,222,199,283,148,135,138,74,64,CURACAVÍ,MELIPILLA,135,13503
12969,,12969,METROPOLITANA DE SANTIAGO,13,14,445,219,226,285,149,136,160,70,90,CURACAVÍ,MELIPILLA,135,13503
12970,,12970,METROPOLITANA DE SANTIAGO,13,15,432,247,185,286,160,126,146,87,59,CURACAVÍ,MELIPILLA,135,13503
12971,,12971,METROPOLITANA DE SANTIAGO,13,16,453,244,209,281,144,137,172,100,72,CURACAVÍ,MELIPILLA,135,13503
12972,,12972,METROPOLITANA DE SANTIAGO,13,17,485,237,248,299,141,158,186,96,90,CURACAVÍ,MELIPILLA,135,13503
12973,,12973,METROPOLITANA DE SANTIAGO,13,18,422,212,210,274,133,141,148,79,69,CURACAVÍ,MELIPILLA,135,13503
12974,,12974,METROPOLITANA DE SANTIAGO,13,19,442,215,227,284,137,147,158,78,80,CURACAVÍ,MELIPILLA,135,13503
12975,,12975,METROPOLITANA DE SANTIAGO,13,20,477,243,234,327,162,165,150,81,69,CURACAVÍ,MELIPILLA,135,13503
12976,,12976,METROPOLITANA DE SANTIAGO,13,21,488,233,255,335,160,175,153,73,80,CURACAVÍ,MELIPILLA,135,13503
12977,,12977,METROPOLITANA DE SANTIAGO,13,22,513,258,255,368,179,189,145,79,66,CURACAVÍ,MELIPILLA,135,13503
12978,,12978,METROPOLITANA DE SANTIAGO,13,23,520,258,262,360,173,187,160,85,75,CURACAVÍ,MELIPILLA,135,13503
12979,,12979,METROPOLITANA DE SANTIAGO,13,24,510,280,230,361,206,155,149,74,75,CURACAVÍ,MELIPILLA,135,13503
12980,,12980,METROPOLITANA DE SANTIAGO,13,25,533,289,244,355,195,160,178,94,84,CURACAVÍ,MELIPILLA,135,13503
12981,,12981,METROPOLITANA DE SANTIAGO,13,26,532,291,241,362,195,167,170,96,74,CURACAVÍ,MELIPILLA,135,13503
12982,,12982,METROPOLITANA DE SANTIAGO,13,27,495,251,244,330,167,163,165,84,81,CURACAVÍ,MELIPILLA,135,13503
12983,,12983,METROPOLITANA DE SANTIAGO,13,28,519,251,268,347,163,184,172,88,84,CURACAVÍ,MELIPILLA,135,13503
12984,,12984,METROPOLITANA DE SANTIAGO,13,29,447,245,202,297,168,129,150,77,73,CURACAVÍ,MELIPILLA,135,13503
12985,,12985,METROPOLITANA DE SANTIAGO,13,30,467,234,233,320,160,160,147,74,73,CURACAVÍ,MELIPILLA,135,13503
12986,,12986,METROPOLITANA DE SANTIAGO,13,31,463,228,235,306,143,163,157,85,72,CURACAVÍ,MELIPILLA,135,13503
12987,,12987,METROPOLITANA DE SANTIAGO,13,32,452,194,258,300,124,176,152,70,82,CURACAVÍ,MELIPILLA,135,13503
12988,,12988,METROPOLITANA DE SANTIAGO,13,33,440,211,229,280,133,147,160,78,82,CURACAVÍ,MELIPILLA,135,13503
12989,,12989,METROPOLITANA DE SANTIAGO,13,34,452,228,224,265,133,132,187,95,92,CURACAVÍ,MELIPILLA,135,13503
12990,,12990,METROPOLITANA DE SANTIAGO,13,35,470,243,227,296,156,140,174,87,87,CURACAVÍ,MELIPILLA,135,13503
12991,,12991,METROPOLITANA DE SANTIAGO,13,36,427,202,225,260,117,143,167,85,82,CURACAVÍ,MELIPILLA,135,13503
12992,,12992,METROPOLITANA DE SANTIAGO,13,37,457,226,231,285,134,151,172,92,80,CURACAVÍ,MELIPILLA,135,13503
12993,,12993,METROPOLITANA DE SANTIAGO,13,38,426,218,208,264,137,127,162,81,81,CURACAVÍ,MELIPILLA,135,13503
12994,,12994,METROPOLITANA DE SANTIAGO,13,39,414,206,208,250,121,129,164,85,79,CURACAVÍ,MELIPILLA,135,13503
12995,,12995,METROPOLITANA DE SANTIAGO,13,40,396,194,202,249,120,129,147,74,73,CURACAVÍ,MELIPILLA,135,13503
12996,,12996,METROPOLITANA DE SANTIAGO,13,41,411,210,201,260,124,136,151,86,65,CURACAVÍ,MELIPILLA,135,13503
12997,,12997,METROPOLITANA DE SANTIAGO,13,42,436,213,223,269,127,142,167,86,81,CURACAVÍ,MELIPILLA,135,13503
12998,,12998,METROPOLITANA DE SANTIAGO,13,43,432,230,202,262,134,128,170,96,74,CURACAVÍ,MELIPILLA,135,13503
12999,,12999,METROPOLITANA DE SANTIAGO,13,44,409,191,218,253,116,137,156,75,81,CURACAVÍ,MELIPILLA,135,13503
13000,,13000,METROPOLITANA DE SANTIAGO,13,45,412,194,218,252,109,143,160,85,75,CURACAVÍ,MELIPILLA,135,13503
13001,,13001,METROPOLITANA DE SANTIAGO,13,46,390,181,209,242,113,129,148,68,80,CURACAVÍ,MELIPILLA,135,13503
13002,,13002,METROPOLITANA DE SANTIAGO,13,47,435,202,233,254,116,138,181,86,95,CURACAVÍ,MELIPILLA,135,13503
13003,,13003,METROPOLITANA DE SANTIAGO,13,48,431,210,221,276,130,146,155,80,75,CURACAVÍ,MELIPILLA,135,13503
13004,,13004,METROPOLITANA DE SANTIAGO,13,49,465,225,240,274,133,141,191,92,99,CURACAVÍ,MELIPILLA,135,13503
13005,,13005,METROPOLITANA DE SANTIAGO,13,50,440,223,217,267,130,137,173,93,80,CURACAVÍ,MELIPILLA,135,13503
13006,,13006,METROPOLITANA DE SANTIAGO,13,51,496,237,259,312,144,168,184,93,91,CURACAVÍ,MELIPILLA,135,13503
13007,,13007,METROPOLITANA DE SANTIAGO,13,52,459,236,223,269,136,133,190,100,90,CURACAVÍ,MELIPILLA,135,13503
13008,,13008,METROPOLITANA DE SANTIAGO,13,53,452,213,239,257,122,135,195,91,104,CURACAVÍ,MELIPILLA,135,13503
13009,,13009,METROPOLITANA DE SANTIAGO,13,54,472,233,239,286,140,146,186,93,93,CURACAVÍ,MELIPILLA,135,13503
13010,,13010,METROPOLITANA DE SANTIAGO,13,55,449,229,220,271,135,136,178,94,84,CURACAVÍ,MELIPILLA,135,13503
13011,,13011,METROPOLITANA DE SANTIAGO,13,56,433,219,214,255,112,143,178,107,71,CURACAVÍ,MELIPILLA,135,13503
13012,,13012,METROPOLITANA DE SANTIAGO,13,57,424,221,203,267,131,136,157,90,67,CURACAVÍ,MELIPILLA,135,13503
13013,,13013,METROPOLITANA DE SANTIAGO,13,58,394,191,203,227,101,126,167,90,77,CURACAVÍ,MELIPILLA,135,13503
13014,,13014,METROPOLITANA DE SANTIAGO,13,59,403,185,218,228,107,121,175,78,97,CURACAVÍ,MELIPILLA,135,13503
13015,,13015,METROPOLITANA DE SANTIAGO,13,60,357,173,184,223,99,124,134,74,60,CURACAVÍ,MELIPILLA,135,13503
13016,,13016,METROPOLITANA DE SANTIAGO,13,61,334,152,182,186,77,109,148,75,73,CURACAVÍ,MELIPILLA,135,13503
13017,,13017,METROPOLITANA DE SANTIAGO,13,62,296,147,149,166,79,87,130,68,62,CURACAVÍ,MELIPILLA,135,13503
13018,,13018,METROPOLITANA DE SANTIAGO,13,63,313,160,153,178,87,91,135,73,62,CURACAVÍ,MELIPILLA,135,13503
13019,,13019,METROPOLITANA DE SANTIAGO,13,64,310,145,165,201,92,109,109,53,56,CURACAVÍ,MELIPILLA,135,13503
13020,,13020,METROPOLITANA DE SANTIAGO,13,65,261,140,121,137,65,72,124,75,49,CURACAVÍ,MELIPILLA,135,13503
13021,,13021,METROPOLITANA DE SANTIAGO,13,66,238,111,127,151,70,81,87,41,46,CURACAVÍ,MELIPILLA,135,13503
13022,,13022,METROPOLITANA DE SANTIAGO,13,67,269,148,121,154,83,71,115,65,50,CURACAVÍ,MELIPILLA,135,13503
13023,,13023,METROPOLITANA DE SANTIAGO,13,68,256,126,130,151,63,88,105,63,42,CURACAVÍ,MELIPILLA,135,13503
13024,,13024,METROPOLITANA DE SANTIAGO,13,69,243,110,133,152,63,89,91,47,44,CURACAVÍ,MELIPILLA,135,13503
13025,,13025,METROPOLITANA DE SANTIAGO,13,70,232,117,115,135,66,69,97,51,46,CURACAVÍ,MELIPILLA,135,13503
13026,,13026,METROPOLITANA DE SANTIAGO,13,71,231,105,126,117,52,65,114,53,61,CURACAVÍ,MELIPILLA,135,13503
13027,,13027,METROPOLITANA DE SANTIAGO,13,72,204,101,103,98,48,50,106,53,53,CURACAVÍ,MELIPILLA,135,13503
13028,,13028,METROPOLITANA DE SANTIAGO,13,73,197,101,96,108,54,54,89,47,42,CURACAVÍ,MELIPILLA,135,13503
13029,,13029,METROPOLITANA DE SANTIAGO,13,74,169,70,99,89,34,55,80,36,44,CURACAVÍ,MELIPILLA,135,13503
13030,,13030,METROPOLITANA DE SANTIAGO,13,75,163,78,85,99,49,50,64,29,35,CURACAVÍ,MELIPILLA,135,13503
13031,,13031,METROPOLITANA DE SANTIAGO,13,76,151,74,77,91,42,49,60,32,28,CURACAVÍ,MELIPILLA,135,13503
13032,,13032,METROPOLITANA DE SANTIAGO,13,77,160,87,73,92,48,44,68,39,29,CURACAVÍ,MELIPILLA,135,13503
13033,,13033,METROPOLITANA DE SANTIAGO,13,78,140,64,76,81,35,46,59,29,30,CURACAVÍ,MELIPILLA,135,13503
13034,,13034,METROPOLITANA DE SANTIAGO,13,79,118,52,66,63,27,36,55,25,30,CURACAVÍ,MELIPILLA,135,13503
13035,,13035,METROPOLITANA DE SANTIAGO,13,80,105,50,55,59,25,34,46,25,21,CURACAVÍ,MELIPILLA,135,13503
13036,,13036,METROPOLITANA DE SANTIAGO,13,81,101,48,53,58,27,31,43,21,22,CURACAVÍ,MELIPILLA,135,13503
13037,,13037,METROPOLITANA DE SANTIAGO,13,82,105,44,61,55,19,36,50,25,25,CURACAVÍ,MELIPILLA,135,13503
13038,,13038,METROPOLITANA DE SANTIAGO,13,83,78,41,37,50,20,30,28,21,7,CURACAVÍ,MELIPILLA,135,13503
13039,,13039,METROPOLITANA DE SANTIAGO,13,84,83,45,38,49,26,23,34,19,15,CURACAVÍ,MELIPILLA,135,13503
13040,,13040,METROPOLITANA DE SANTIAGO,13,85,61,23,38,35,16,19,26,7,19,CURACAVÍ,MELIPILLA,135,13503
13041,,13041,METROPOLITANA DE SANTIAGO,13,86,51,15,36,29,8,21,22,7,15,CURACAVÍ,MELIPILLA,135,13503
13042,,13042,METROPOLITANA DE SANTIAGO,13,87,48,21,27,31,11,20,17,10,7,CURACAVÍ,MELIPILLA,135,13503
13043,,13043,METROPOLITANA DE SANTIAGO,13,88,49,26,23,25,12,13,24,14,10,CURACAVÍ,MELIPILLA,135,13503
13044,,13044,METROPOLITANA DE SANTIAGO,13,89,32,14,18,22,10,12,10,4,6,CURACAVÍ,MELIPILLA,135,13503
13045,,13045,METROPOLITANA DE SANTIAGO,13,90,25,8,17,12,6,6,13,2,11,CURACAVÍ,MELIPILLA,135,13503
13046,,13046,METROPOLITANA DE SANTIAGO,13,91,28,9,19,18,4,14,10,5,5,CURACAVÍ,MELIPILLA,135,13503
13047,,13047,METROPOLITANA DE SANTIAGO,13,92,15,5,10,11,4,7,4,1,3,CURACAVÍ,MELIPILLA,135,13503
13048,,13048,METROPOLITANA DE SANTIAGO,13,93,8,2,6,7,2,5,1,0,1,CURACAVÍ,MELIPILLA,135,13503
13049,,13049,METROPOLITANA DE SANTIAGO,13,94,16,8,8,9,5,4,7,3,4,CURACAVÍ,MELIPILLA,135,13503
13050,,13050,METROPOLITANA DE SANTIAGO,13,95,7,4,3,2,2,0,5,2,3,CURACAVÍ,MELIPILLA,135,13503
13051,,13051,METROPOLITANA DE SANTIAGO,13,96,5,2,3,2,1,1,3,1,2,CURACAVÍ,MELIPILLA,135,13503
13052,,13052,METROPOLITANA DE SANTIAGO,13,97,5,3,2,3,2,1,2,1,1,CURACAVÍ,MELIPILLA,135,13503
13053,,13053,METROPOLITANA DE SANTIAGO,13,98,5,0,5,3,0,3,2,0,2,CURACAVÍ,MELIPILLA,135,13503
13054,,13054,METROPOLITANA DE SANTIAGO,13,99,1,0,1,1,0,1,0,0,0,CURACAVÍ,MELIPILLA,135,13503
13055,,13055,METROPOLITANA DE SANTIAGO,13,100 o más,9,5,4,5,3,2,4,2,2,CURACAVÍ,MELIPILLA,135,13503
13056,,13056,METROPOLITANA DE SANTIAGO,13,Total Comuna,13590,6830,6760,6667,3310,3357,6923,3520,3403,MARÍA PINTO,MELIPILLA,135,13504
13057,,13057,METROPOLITANA DE SANTIAGO,13,0,156,76,80,76,31,45,80,45,35,MARÍA PINTO,MELIPILLA,135,13504
13058,,13058,METROPOLITANA DE SANTIAGO,13,1,194,94,100,106,55,51,88,39,49,MARÍA PINTO,MELIPILLA,135,13504
13059,,13059,METROPOLITANA DE SANTIAGO,13,2,188,103,85,106,56,50,82,47,35,MARÍA PINTO,MELIPILLA,135,13504
13060,,13060,METROPOLITANA DE SANTIAGO,13,3,203,99,104,107,54,53,96,45,51,MARÍA PINTO,MELIPILLA,135,13504
13061,,13061,METROPOLITANA DE SANTIAGO,13,4,185,92,93,93,42,51,92,50,42,MARÍA PINTO,MELIPILLA,135,13504
13062,,13062,METROPOLITANA DE SANTIAGO,13,5,167,76,91,85,41,44,82,35,47,MARÍA PINTO,MELIPILLA,135,13504
13063,,13063,METROPOLITANA DE SANTIAGO,13,6,214,114,100,117,64,53,97,50,47,MARÍA PINTO,MELIPILLA,135,13504
13064,,13064,METROPOLITANA DE SANTIAGO,13,7,170,80,90,77,36,41,93,44,49,MARÍA PINTO,MELIPILLA,135,13504
13065,,13065,METROPOLITANA DE SANTIAGO,13,8,216,107,109,133,69,64,83,38,45,MARÍA PINTO,MELIPILLA,135,13504
13066,,13066,METROPOLITANA DE SANTIAGO,13,9,206,98,108,108,53,55,98,45,53,MARÍA PINTO,MELIPILLA,135,13504
13067,,13067,METROPOLITANA DE SANTIAGO,13,10,189,111,78,91,54,37,98,57,41,MARÍA PINTO,MELIPILLA,135,13504
13068,,13068,METROPOLITANA DE SANTIAGO,13,11,172,77,95,88,36,52,84,41,43,MARÍA PINTO,MELIPILLA,135,13504
13069,,13069,METROPOLITANA DE SANTIAGO,13,12,160,80,80,78,38,40,82,42,40,MARÍA PINTO,MELIPILLA,135,13504
13070,,13070,METROPOLITANA DE SANTIAGO,13,13,183,92,91,90,51,39,93,41,52,MARÍA PINTO,MELIPILLA,135,13504
13071,,13071,METROPOLITANA DE SANTIAGO,13,14,189,90,99,104,46,58,85,44,41,MARÍA PINTO,MELIPILLA,135,13504
13072,,13072,METROPOLITANA DE SANTIAGO,13,15,206,123,83,103,57,46,103,66,37,MARÍA PINTO,MELIPILLA,135,13504
13073,,13073,METROPOLITANA DE SANTIAGO,13,16,185,91,94,86,41,45,99,50,49,MARÍA PINTO,MELIPILLA,135,13504
13074,,13074,METROPOLITANA DE SANTIAGO,13,17,177,82,95,99,45,54,78,37,41,MARÍA PINTO,MELIPILLA,135,13504
13075,,13075,METROPOLITANA DE SANTIAGO,13,18,156,85,71,87,46,41,69,39,30,MARÍA PINTO,MELIPILLA,135,13504
13076,,13076,METROPOLITANA DE SANTIAGO,13,19,207,96,111,105,46,59,102,50,52,MARÍA PINTO,MELIPILLA,135,13504
13077,,13077,METROPOLITANA DE SANTIAGO,13,20,165,77,88,80,33,47,85,44,41,MARÍA PINTO,MELIPILLA,135,13504
13078,,13078,METROPOLITANA DE SANTIAGO,13,21,222,117,105,117,63,54,105,54,51,MARÍA PINTO,MELIPILLA,135,13504
13079,,13079,METROPOLITANA DE SANTIAGO,13,22,217,96,121,107,50,57,110,46,64,MARÍA PINTO,MELIPILLA,135,13504
13080,,13080,METROPOLITANA DE SANTIAGO,13,23,191,103,88,96,52,44,95,51,44,MARÍA PINTO,MELIPILLA,135,13504
13081,,13081,METROPOLITANA DE SANTIAGO,13,24,216,103,113,120,61,59,96,42,54,MARÍA PINTO,MELIPILLA,135,13504
13082,,13082,METROPOLITANA DE SANTIAGO,13,25,225,107,118,128,61,67,97,46,51,MARÍA PINTO,MELIPILLA,135,13504
13083,,13083,METROPOLITANA DE SANTIAGO,13,26,205,109,96,95,41,54,110,68,42,MARÍA PINTO,MELIPILLA,135,13504
13084,,13084,METROPOLITANA DE SANTIAGO,13,27,254,142,112,127,69,58,127,73,54,MARÍA PINTO,MELIPILLA,135,13504
13085,,13085,METROPOLITANA DE SANTIAGO,13,28,198,105,93,109,57,52,89,48,41,MARÍA PINTO,MELIPILLA,135,13504
13086,,13086,METROPOLITANA DE SANTIAGO,13,29,220,123,97,113,71,42,107,52,55,MARÍA PINTO,MELIPILLA,135,13504
13087,,13087,METROPOLITANA DE SANTIAGO,13,30,201,94,107,94,48,46,107,46,61,MARÍA PINTO,MELIPILLA,135,13504
13088,,13088,METROPOLITANA DE SANTIAGO,13,31,206,94,112,97,47,50,109,47,62,MARÍA PINTO,MELIPILLA,135,13504
13089,,13089,METROPOLITANA DE SANTIAGO,13,32,189,100,89,101,56,45,88,44,44,MARÍA PINTO,MELIPILLA,135,13504
13090,,13090,METROPOLITANA DE SANTIAGO,13,33,183,93,90,80,44,36,103,49,54,MARÍA PINTO,MELIPILLA,135,13504
13091,,13091,METROPOLITANA DE SANTIAGO,13,34,180,89,91,87,45,42,93,44,49,MARÍA PINTO,MELIPILLA,135,13504
13092,,13092,METROPOLITANA DE SANTIAGO,13,35,205,97,108,101,44,57,104,53,51,MARÍA PINTO,MELIPILLA,135,13504
13093,,13093,METROPOLITANA DE SANTIAGO,13,36,180,88,92,90,43,47,90,45,45,MARÍA PINTO,MELIPILLA,135,13504
13094,,13094,METROPOLITANA DE SANTIAGO,13,37,171,81,90,80,33,47,91,48,43,MARÍA PINTO,MELIPILLA,135,13504
13095,,13095,METROPOLITANA DE SANTIAGO,13,38,185,91,94,83,37,46,102,54,48,MARÍA PINTO,MELIPILLA,135,13504
13096,,13096,METROPOLITANA DE SANTIAGO,13,39,180,97,83,75,41,34,105,56,49,MARÍA PINTO,MELIPILLA,135,13504
13097,,13097,METROPOLITANA DE SANTIAGO,13,40,152,93,59,64,40,24,88,53,35,MARÍA PINTO,MELIPILLA,135,13504
13098,,13098,METROPOLITANA DE SANTIAGO,13,41,176,87,89,78,36,42,98,51,47,MARÍA PINTO,MELIPILLA,135,13504
13099,,13099,METROPOLITANA DE SANTIAGO,13,42,189,91,98,91,40,51,98,51,47,MARÍA PINTO,MELIPILLA,135,13504
13100,,13100,METROPOLITANA DE SANTIAGO,13,43,187,96,91,96,49,47,91,47,44,MARÍA PINTO,MELIPILLA,135,13504
13101,,13101,METROPOLITANA DE SANTIAGO,13,44,187,97,90,85,44,41,102,53,49,MARÍA PINTO,MELIPILLA,135,13504
13102,,13102,METROPOLITANA DE SANTIAGO,13,45,182,91,91,99,44,55,83,47,36,MARÍA PINTO,MELIPILLA,135,13504
13103,,13103,METROPOLITANA DE SANTIAGO,13,46,196,95,101,111,49,62,85,46,39,MARÍA PINTO,MELIPILLA,135,13504
13104,,13104,METROPOLITANA DE SANTIAGO,13,47,177,93,84,90,50,40,87,43,44,MARÍA PINTO,MELIPILLA,135,13504
13105,,13105,METROPOLITANA DE SANTIAGO,13,48,187,97,90,99,51,48,88,46,42,MARÍA PINTO,MELIPILLA,135,13504
13106,,13106,METROPOLITANA DE SANTIAGO,13,49,195,103,92,90,40,50,105,63,42,MARÍA PINTO,MELIPILLA,135,13504
13107,,13107,METROPOLITANA DE SANTIAGO,13,50,189,101,88,100,56,44,89,45,44,MARÍA PINTO,MELIPILLA,135,13504
13108,,13108,METROPOLITANA DE SANTIAGO,13,51,200,96,104,103,47,56,97,49,48,MARÍA PINTO,MELIPILLA,135,13504
13109,,13109,METROPOLITANA DE SANTIAGO,13,52,197,96,101,88,44,44,109,52,57,MARÍA PINTO,MELIPILLA,135,13504
13110,,13110,METROPOLITANA DE SANTIAGO,13,53,200,101,99,99,45,54,101,56,45,MARÍA PINTO,MELIPILLA,135,13504
13111,,13111,METROPOLITANA DE SANTIAGO,13,54,201,95,106,94,45,49,107,50,57,MARÍA PINTO,MELIPILLA,135,13504
13112,,13112,METROPOLITANA DE SANTIAGO,13,55,166,78,88,82,45,37,84,33,51,MARÍA PINTO,MELIPILLA,135,13504
13113,,13113,METROPOLITANA DE SANTIAGO,13,56,182,90,92,84,48,36,98,42,56,MARÍA PINTO,MELIPILLA,135,13504
13114,,13114,METROPOLITANA DE SANTIAGO,13,57,162,87,75,74,39,35,88,48,40,MARÍA PINTO,MELIPILLA,135,13504
13115,,13115,METROPOLITANA DE SANTIAGO,13,58,146,78,68,69,40,29,77,38,39,MARÍA PINTO,MELIPILLA,135,13504
13116,,13116,METROPOLITANA DE SANTIAGO,13,59,158,74,84,68,30,38,90,44,46,MARÍA PINTO,MELIPILLA,135,13504
13117,,13117,METROPOLITANA DE SANTIAGO,13,60,154,74,80,59,31,28,95,43,52,MARÍA PINTO,MELIPILLA,135,13504
13118,,13118,METROPOLITANA DE SANTIAGO,13,61,151,75,76,70,34,36,81,41,40,MARÍA PINTO,MELIPILLA,135,13504
13119,,13119,METROPOLITANA DE SANTIAGO,13,62,137,68,69,56,25,31,81,43,38,MARÍA PINTO,MELIPILLA,135,13504
13120,,13120,METROPOLITANA DE SANTIAGO,13,63,123,54,69,44,22,22,79,32,47,MARÍA PINTO,MELIPILLA,135,13504
13121,,13121,METROPOLITANA DE SANTIAGO,13,64,121,56,65,49,23,26,72,33,39,MARÍA PINTO,MELIPILLA,135,13504
13122,,13122,METROPOLITANA DE SANTIAGO,13,65,118,62,56,49,22,27,69,40,29,MARÍA PINTO,MELIPILLA,135,13504
13123,,13123,METROPOLITANA DE SANTIAGO,13,66,95,42,53,42,21,21,53,21,32,MARÍA PINTO,MELIPILLA,135,13504
13124,,13124,METROPOLITANA DE SANTIAGO,13,67,89,50,39,47,26,21,42,24,18,MARÍA PINTO,MELIPILLA,135,13504
13125,,13125,METROPOLITANA DE SANTIAGO,13,68,95,55,40,41,24,17,54,31,23,MARÍA PINTO,MELIPILLA,135,13504
13126,,13126,METROPOLITANA DE SANTIAGO,13,69,97,52,45,36,13,23,61,39,22,MARÍA PINTO,MELIPILLA,135,13504
13127,,13127,METROPOLITANA DE SANTIAGO,13,70,85,47,38,32,15,17,53,32,21,MARÍA PINTO,MELIPILLA,135,13504
13128,,13128,METROPOLITANA DE SANTIAGO,13,71,98,47,51,50,21,29,48,26,22,MARÍA PINTO,MELIPILLA,135,13504
13129,,13129,METROPOLITANA DE SANTIAGO,13,72,93,45,48,39,17,22,54,28,26,MARÍA PINTO,MELIPILLA,135,13504
13130,,13130,METROPOLITANA DE SANTIAGO,13,73,72,40,32,31,18,13,41,22,19,MARÍA PINTO,MELIPILLA,135,13504
13131,,13131,METROPOLITANA DE SANTIAGO,13,74,62,35,27,28,17,11,34,18,16,MARÍA PINTO,MELIPILLA,135,13504
13132,,13132,METROPOLITANA DE SANTIAGO,13,75,70,34,36,38,16,22,32,18,14,MARÍA PINTO,MELIPILLA,135,13504
13133,,13133,METROPOLITANA DE SANTIAGO,13,76,58,26,32,35,13,22,23,13,10,MARÍA PINTO,MELIPILLA,135,13504
13134,,13134,METROPOLITANA DE SANTIAGO,13,77,71,29,42,30,13,17,41,16,25,MARÍA PINTO,MELIPILLA,135,13504
13135,,13135,METROPOLITANA DE SANTIAGO,13,78,44,23,21,19,8,11,25,15,10,MARÍA PINTO,MELIPILLA,135,13504
13136,,13136,METROPOLITANA DE SANTIAGO,13,79,44,21,23,24,12,12,20,9,11,MARÍA PINTO,MELIPILLA,135,13504
13137,,13137,METROPOLITANA DE SANTIAGO,13,80,48,28,20,25,16,9,23,12,11,MARÍA PINTO,MELIPILLA,135,13504
13138,,13138,METROPOLITANA DE SANTIAGO,13,81,42,18,24,19,10,9,23,8,15,MARÍA PINTO,MELIPILLA,135,13504
13139,,13139,METROPOLITANA DE SANTIAGO,13,82,41,16,25,15,4,11,26,12,14,MARÍA PINTO,MELIPILLA,135,13504
13140,,13140,METROPOLITANA DE SANTIAGO,13,83,34,23,11,10,7,3,24,16,8,MARÍA PINTO,MELIPILLA,135,13504
13141,,13141,METROPOLITANA DE SANTIAGO,13,84,28,7,21,16,4,12,12,3,9,MARÍA PINTO,MELIPILLA,135,13504
13142,,13142,METROPOLITANA DE SANTIAGO,13,85,28,19,9,15,9,6,13,10,3,MARÍA PINTO,MELIPILLA,135,13504
13143,,13143,METROPOLITANA DE SANTIAGO,13,86,38,19,19,19,12,7,19,7,12,MARÍA PINTO,MELIPILLA,135,13504
13144,,13144,METROPOLITANA DE SANTIAGO,13,87,14,6,8,9,3,6,5,3,2,MARÍA PINTO,MELIPILLA,135,13504
13145,,13145,METROPOLITANA DE SANTIAGO,13,88,18,11,7,8,5,3,10,6,4,MARÍA PINTO,MELIPILLA,135,13504
13146,,13146,METROPOLITANA DE SANTIAGO,13,89,15,8,7,5,3,2,10,5,5,MARÍA PINTO,MELIPILLA,135,13504
13147,,13147,METROPOLITANA DE SANTIAGO,13,90,11,6,5,2,1,1,9,5,4,MARÍA PINTO,MELIPILLA,135,13504
13148,,13148,METROPOLITANA DE SANTIAGO,13,91,14,6,8,5,2,3,9,4,5,MARÍA PINTO,MELIPILLA,135,13504
13149,,13149,METROPOLITANA DE SANTIAGO,13,92,8,4,4,3,2,1,5,2,3,MARÍA PINTO,MELIPILLA,135,13504
13150,,13150,METROPOLITANA DE SANTIAGO,13,93,8,3,5,3,0,3,5,3,2,MARÍA PINTO,MELIPILLA,135,13504
13151,,13151,METROPOLITANA DE SANTIAGO,13,94,4,2,2,1,0,1,3,2,1,MARÍA PINTO,MELIPILLA,135,13504
13152,,13152,METROPOLITANA DE SANTIAGO,13,95,3,1,2,3,1,2,0,0,0,MARÍA PINTO,MELIPILLA,135,13504
13153,,13153,METROPOLITANA DE SANTIAGO,13,96,5,2,3,2,0,2,3,2,1,MARÍA PINTO,MELIPILLA,135,13504
13154,,13154,METROPOLITANA DE SANTIAGO,13,97,3,1,2,2,0,2,1,1,0,MARÍA PINTO,MELIPILLA,135,13504
13155,,13155,METROPOLITANA DE SANTIAGO,13,98,1,1,0,0,0,0,1,1,0,MARÍA PINTO,MELIPILLA,135,13504
13156,,13156,METROPOLITANA DE SANTIAGO,13,99,1,0,1,1,0,1,0,0,0,MARÍA PINTO,MELIPILLA,135,13504
13157,,13157,METROPOLITANA DE SANTIAGO,13,100 o más,4,3,1,2,1,1,2,2,0,MARÍA PINTO,MELIPILLA,135,13504
13158,,13158,METROPOLITANA DE SANTIAGO,13,Total Comuna,9726,5132,4594,0,0,0,9726,5132,4594,SAN PEDRO,MELIPILLA,135,13505
13159,,13159,METROPOLITANA DE SANTIAGO,13,0,130,63,67,0,0,0,130,63,67,SAN PEDRO,MELIPILLA,135,13505
13160,,13160,METROPOLITANA DE SANTIAGO,13,1,141,72,69,0,0,0,141,72,69,SAN PEDRO,MELIPILLA,135,13505
13161,,13161,METROPOLITANA DE SANTIAGO,13,2,144,70,74,0,0,0,144,70,74,SAN PEDRO,MELIPILLA,135,13505
13162,,13162,METROPOLITANA DE SANTIAGO,13,3,143,76,67,0,0,0,143,76,67,SAN PEDRO,MELIPILLA,135,13505
13163,,13163,METROPOLITANA DE SANTIAGO,13,4,138,71,67,0,0,0,138,71,67,SAN PEDRO,MELIPILLA,135,13505
13164,,13164,METROPOLITANA DE SANTIAGO,13,5,136,76,60,0,0,0,136,76,60,SAN PEDRO,MELIPILLA,135,13505
13165,,13165,METROPOLITANA DE SANTIAGO,13,6,142,68,74,0,0,0,142,68,74,SAN PEDRO,MELIPILLA,135,13505
13166,,13166,METROPOLITANA DE SANTIAGO,13,7,129,66,63,0,0,0,129,66,63,SAN PEDRO,MELIPILLA,135,13505
13167,,13167,METROPOLITANA DE SANTIAGO,13,8,122,63,59,0,0,0,122,63,59,SAN PEDRO,MELIPILLA,135,13505
13168,,13168,METROPOLITANA DE SANTIAGO,13,9,139,72,67,0,0,0,139,72,67,SAN PEDRO,MELIPILLA,135,13505
13169,,13169,METROPOLITANA DE SANTIAGO,13,10,124,61,63,0,0,0,124,61,63,SAN PEDRO,MELIPILLA,135,13505
13170,,13170,METROPOLITANA DE SANTIAGO,13,11,141,62,79,0,0,0,141,62,79,SAN PEDRO,MELIPILLA,135,13505
13171,,13171,METROPOLITANA DE SANTIAGO,13,12,150,64,86,0,0,0,150,64,86,SAN PEDRO,MELIPILLA,135,13505
13172,,13172,METROPOLITANA DE SANTIAGO,13,13,127,62,65,0,0,0,127,62,65,SAN PEDRO,MELIPILLA,135,13505
13173,,13173,METROPOLITANA DE SANTIAGO,13,14,149,69,80,0,0,0,149,69,80,SAN PEDRO,MELIPILLA,135,13505
13174,,13174,METROPOLITANA DE SANTIAGO,13,15,132,67,65,0,0,0,132,67,65,SAN PEDRO,MELIPILLA,135,13505
13175,,13175,METROPOLITANA DE SANTIAGO,13,16,142,73,69,0,0,0,142,73,69,SAN PEDRO,MELIPILLA,135,13505
13176,,13176,METROPOLITANA DE SANTIAGO,13,17,111,55,56,0,0,0,111,55,56,SAN PEDRO,MELIPILLA,135,13505
13177,,13177,METROPOLITANA DE SANTIAGO,13,18,103,60,43,0,0,0,103,60,43,SAN PEDRO,MELIPILLA,135,13505
13178,,13178,METROPOLITANA DE SANTIAGO,13,19,102,49,53,0,0,0,102,49,53,SAN PEDRO,MELIPILLA,135,13505
13179,,13179,METROPOLITANA DE SANTIAGO,13,20,114,65,49,0,0,0,114,65,49,SAN PEDRO,MELIPILLA,135,13505
13180,,13180,METROPOLITANA DE SANTIAGO,13,21,112,60,52,0,0,0,112,60,52,SAN PEDRO,MELIPILLA,135,13505
13181,,13181,METROPOLITANA DE SANTIAGO,13,22,137,68,69,0,0,0,137,68,69,SAN PEDRO,MELIPILLA,135,13505
13182,,13182,METROPOLITANA DE SANTIAGO,13,23,114,66,48,0,0,0,114,66,48,SAN PEDRO,MELIPILLA,135,13505
13183,,13183,METROPOLITANA DE SANTIAGO,13,24,129,73,56,0,0,0,129,73,56,SAN PEDRO,MELIPILLA,135,13505
13184,,13184,METROPOLITANA DE SANTIAGO,13,25,142,71,71,0,0,0,142,71,71,SAN PEDRO,MELIPILLA,135,13505
13185,,13185,METROPOLITANA DE SANTIAGO,13,26,132,86,46,0,0,0,132,86,46,SAN PEDRO,MELIPILLA,135,13505
13186,,13186,METROPOLITANA DE SANTIAGO,13,27,154,81,73,0,0,0,154,81,73,SAN PEDRO,MELIPILLA,135,13505
13187,,13187,METROPOLITANA DE SANTIAGO,13,28,142,68,74,0,0,0,142,68,74,SAN PEDRO,MELIPILLA,135,13505
13188,,13188,METROPOLITANA DE SANTIAGO,13,29,154,82,72,0,0,0,154,82,72,SAN PEDRO,MELIPILLA,135,13505
13189,,13189,METROPOLITANA DE SANTIAGO,13,30,156,84,72,0,0,0,156,84,72,SAN PEDRO,MELIPILLA,135,13505
13190,,13190,METROPOLITANA DE SANTIAGO,13,31,153,74,79,0,0,0,153,74,79,SAN PEDRO,MELIPILLA,135,13505
13191,,13191,METROPOLITANA DE SANTIAGO,13,32,114,56,58,0,0,0,114,56,58,SAN PEDRO,MELIPILLA,135,13505
13192,,13192,METROPOLITANA DE SANTIAGO,13,33,148,79,69,0,0,0,148,79,69,SAN PEDRO,MELIPILLA,135,13505
13193,,13193,METROPOLITANA DE SANTIAGO,13,34,127,73,54,0,0,0,127,73,54,SAN PEDRO,MELIPILLA,135,13505
13194,,13194,METROPOLITANA DE SANTIAGO,13,35,123,59,64,0,0,0,123,59,64,SAN PEDRO,MELIPILLA,135,13505
13195,,13195,METROPOLITANA DE SANTIAGO,13,36,118,63,55,0,0,0,118,63,55,SAN PEDRO,MELIPILLA,135,13505
13196,,13196,METROPOLITANA DE SANTIAGO,13,37,109,69,40,0,0,0,109,69,40,SAN PEDRO,MELIPILLA,135,13505
13197,,13197,METROPOLITANA DE SANTIAGO,13,38,150,85,65,0,0,0,150,85,65,SAN PEDRO,MELIPILLA,135,13505
13198,,13198,METROPOLITANA DE SANTIAGO,13,39,125,62,63,0,0,0,125,62,63,SAN PEDRO,MELIPILLA,135,13505
13199,,13199,METROPOLITANA DE SANTIAGO,13,40,108,56,52,0,0,0,108,56,52,SAN PEDRO,MELIPILLA,135,13505
13200,,13200,METROPOLITANA DE SANTIAGO,13,41,121,70,51,0,0,0,121,70,51,SAN PEDRO,MELIPILLA,135,13505
13201,,13201,METROPOLITANA DE SANTIAGO,13,42,130,60,70,0,0,0,130,60,70,SAN PEDRO,MELIPILLA,135,13505
13202,,13202,METROPOLITANA DE SANTIAGO,13,43,125,73,52,0,0,0,125,73,52,SAN PEDRO,MELIPILLA,135,13505
13203,,13203,METROPOLITANA DE SANTIAGO,13,44,124,60,64,0,0,0,124,60,64,SAN PEDRO,MELIPILLA,135,13505
13204,,13204,METROPOLITANA DE SANTIAGO,13,45,123,68,55,0,0,0,123,68,55,SAN PEDRO,MELIPILLA,135,13505
13205,,13205,METROPOLITANA DE SANTIAGO,13,46,112,65,47,0,0,0,112,65,47,SAN PEDRO,MELIPILLA,135,13505
13206,,13206,METROPOLITANA DE SANTIAGO,13,47,111,63,48,0,0,0,111,63,48,SAN PEDRO,MELIPILLA,135,13505
13207,,13207,METROPOLITANA DE SANTIAGO,13,48,135,57,78,0,0,0,135,57,78,SAN PEDRO,MELIPILLA,135,13505
13208,,13208,METROPOLITANA DE SANTIAGO,13,49,126,67,59,0,0,0,126,67,59,SAN PEDRO,MELIPILLA,135,13505
13209,,13209,METROPOLITANA DE SANTIAGO,13,50,133,80,53,0,0,0,133,80,53,SAN PEDRO,MELIPILLA,135,13505
13210,,13210,METROPOLITANA DE SANTIAGO,13,51,127,69,58,0,0,0,127,69,58,SAN PEDRO,MELIPILLA,135,13505
13211,,13211,METROPOLITANA DE SANTIAGO,13,52,146,75,71,0,0,0,146,75,71,SAN PEDRO,MELIPILLA,135,13505
13212,,13212,METROPOLITANA DE SANTIAGO,13,53,107,59,48,0,0,0,107,59,48,SAN PEDRO,MELIPILLA,135,13505
13213,,13213,METROPOLITANA DE SANTIAGO,13,54,139,77,62,0,0,0,139,77,62,SAN PEDRO,MELIPILLA,135,13505
13214,,13214,METROPOLITANA DE SANTIAGO,13,55,129,77,52,0,0,0,129,77,52,SAN PEDRO,MELIPILLA,135,13505
13215,,13215,METROPOLITANA DE SANTIAGO,13,56,128,66,62,0,0,0,128,66,62,SAN PEDRO,MELIPILLA,135,13505
13216,,13216,METROPOLITANA DE SANTIAGO,13,57,122,72,50,0,0,0,122,72,50,SAN PEDRO,MELIPILLA,135,13505
13217,,13217,METROPOLITANA DE SANTIAGO,13,58,134,72,62,0,0,0,134,72,62,SAN PEDRO,MELIPILLA,135,13505
13218,,13218,METROPOLITANA DE SANTIAGO,13,59,122,70,52,0,0,0,122,70,52,SAN PEDRO,MELIPILLA,135,13505
13219,,13219,METROPOLITANA DE SANTIAGO,13,60,116,62,54,0,0,0,116,62,54,SAN PEDRO,MELIPILLA,135,13505
13220,,13220,METROPOLITANA DE SANTIAGO,13,61,127,71,56,0,0,0,127,71,56,SAN PEDRO,MELIPILLA,135,13505
13221,,13221,METROPOLITANA DE SANTIAGO,13,62,113,66,47,0,0,0,113,66,47,SAN PEDRO,MELIPILLA,135,13505
13222,,13222,METROPOLITANA DE SANTIAGO,13,63,92,44,48,0,0,0,92,44,48,SAN PEDRO,MELIPILLA,135,13505
13223,,13223,METROPOLITANA DE SANTIAGO,13,64,88,51,37,0,0,0,88,51,37,SAN PEDRO,MELIPILLA,135,13505
13224,,13224,METROPOLITANA DE SANTIAGO,13,65,79,45,34,0,0,0,79,45,34,SAN PEDRO,MELIPILLA,135,13505
13225,,13225,METROPOLITANA DE SANTIAGO,13,66,86,43,43,0,0,0,86,43,43,SAN PEDRO,MELIPILLA,135,13505
13226,,13226,METROPOLITANA DE SANTIAGO,13,67,94,55,39,0,0,0,94,55,39,SAN PEDRO,MELIPILLA,135,13505
13227,,13227,METROPOLITANA DE SANTIAGO,13,68,87,47,40,0,0,0,87,47,40,SAN PEDRO,MELIPILLA,135,13505
13228,,13228,METROPOLITANA DE SANTIAGO,13,69,94,53,41,0,0,0,94,53,41,SAN PEDRO,MELIPILLA,135,13505
13229,,13229,METROPOLITANA DE SANTIAGO,13,70,61,36,25,0,0,0,61,36,25,SAN PEDRO,MELIPILLA,135,13505
13230,,13230,METROPOLITANA DE SANTIAGO,13,71,76,40,36,0,0,0,76,40,36,SAN PEDRO,MELIPILLA,135,13505
13231,,13231,METROPOLITANA DE SANTIAGO,13,72,72,34,38,0,0,0,72,34,38,SAN PEDRO,MELIPILLA,135,13505
13232,,13232,METROPOLITANA DE SANTIAGO,13,73,69,37,32,0,0,0,69,37,32,SAN PEDRO,MELIPILLA,135,13505
13233,,13233,METROPOLITANA DE SANTIAGO,13,74,71,42,29,0,0,0,71,42,29,SAN PEDRO,MELIPILLA,135,13505
13234,,13234,METROPOLITANA DE SANTIAGO,13,75,66,32,34,0,0,0,66,32,34,SAN PEDRO,MELIPILLA,135,13505
13235,,13235,METROPOLITANA DE SANTIAGO,13,76,68,37,31,0,0,0,68,37,31,SAN PEDRO,MELIPILLA,135,13505
13236,,13236,METROPOLITANA DE SANTIAGO,13,77,55,33,22,0,0,0,55,33,22,SAN PEDRO,MELIPILLA,135,13505
13237,,13237,METROPOLITANA DE SANTIAGO,13,78,47,25,22,0,0,0,47,25,22,SAN PEDRO,MELIPILLA,135,13505
13238,,13238,METROPOLITANA DE SANTIAGO,13,79,40,25,15,0,0,0,40,25,15,SAN PEDRO,MELIPILLA,135,13505
13239,,13239,METROPOLITANA DE SANTIAGO,13,80,50,27,23,0,0,0,50,27,23,SAN PEDRO,MELIPILLA,135,13505
13240,,13240,METROPOLITANA DE SANTIAGO,13,81,30,13,17,0,0,0,30,13,17,SAN PEDRO,MELIPILLA,135,13505
13241,,13241,METROPOLITANA DE SANTIAGO,13,82,30,11,19,0,0,0,30,11,19,SAN PEDRO,MELIPILLA,135,13505
13242,,13242,METROPOLITANA DE SANTIAGO,13,83,28,17,11,0,0,0,28,17,11,SAN PEDRO,MELIPILLA,135,13505
13243,,13243,METROPOLITANA DE SANTIAGO,13,84,33,20,13,0,0,0,33,20,13,SAN PEDRO,MELIPILLA,135,13505
13244,,13244,METROPOLITANA DE SANTIAGO,13,85,26,14,12,0,0,0,26,14,12,SAN PEDRO,MELIPILLA,135,13505
13245,,13245,METROPOLITANA DE SANTIAGO,13,86,30,12,18,0,0,0,30,12,18,SAN PEDRO,MELIPILLA,135,13505
13246,,13246,METROPOLITANA DE SANTIAGO,13,87,23,10,13,0,0,0,23,10,13,SAN PEDRO,MELIPILLA,135,13505
13247,,13247,METROPOLITANA DE SANTIAGO,13,88,12,8,4,0,0,0,12,8,4,SAN PEDRO,MELIPILLA,135,13505
13248,,13248,METROPOLITANA DE SANTIAGO,13,89,16,4,12,0,0,0,16,4,12,SAN PEDRO,MELIPILLA,135,13505
13249,,13249,METROPOLITANA DE SANTIAGO,13,90,11,3,8,0,0,0,11,3,8,SAN PEDRO,MELIPILLA,135,13505
13250,,13250,METROPOLITANA DE SANTIAGO,13,91,8,5,3,0,0,0,8,5,3,SAN PEDRO,MELIPILLA,135,13505
13251,,13251,METROPOLITANA DE SANTIAGO,13,92,9,3,6,0,0,0,9,3,6,SAN PEDRO,MELIPILLA,135,13505
13252,,13252,METROPOLITANA DE SANTIAGO,13,93,6,1,5,0,0,0,6,1,5,SAN PEDRO,MELIPILLA,135,13505
13253,,13253,METROPOLITANA DE SANTIAGO,13,94,2,1,1,0,0,0,2,1,1,SAN PEDRO,MELIPILLA,135,13505
13254,,13254,METROPOLITANA DE SANTIAGO,13,95,4,3,1,0,0,0,4,3,1,SAN PEDRO,MELIPILLA,135,13505
13255,,13255,METROPOLITANA DE SANTIAGO,13,96,2,1,1,0,0,0,2,1,1,SAN PEDRO,MELIPILLA,135,13505
13256,,13256,METROPOLITANA DE SANTIAGO,13,97,1,0,1,0,0,0,1,0,1,SAN PEDRO,MELIPILLA,135,13505
13257,,13257,METROPOLITANA DE SANTIAGO,13,98,2,0,2,0,0,0,2,0,2,SAN PEDRO,MELIPILLA,135,13505
13258,,13258,METROPOLITANA DE SANTIAGO,13,99,0,0,0,0,0,0,0,0,0,SAN PEDRO,MELIPILLA,135,13505
13259,,13259,METROPOLITANA DE SANTIAGO,13,100 o más,2,2,0,0,0,0,2,2,0,SAN PEDRO,MELIPILLA,135,13505
13260,,13260,METROPOLITANA DE SANTIAGO,13,Total Comuna,74237,36769,37468,59209,29238,29971,15028,7531,7497,TALAGANTE,TALAGANTE,136,13601
13261,,13261,METROPOLITANA DE SANTIAGO,13,0,977,483,494,820,404,416,157,79,78,TALAGANTE,TALAGANTE,136,13601
13262,,13262,METROPOLITANA DE SANTIAGO,13,1,1067,524,543,862,417,445,205,107,98,TALAGANTE,TALAGANTE,136,13601
13263,,13263,METROPOLITANA DE SANTIAGO,13,2,1116,567,549,900,451,449,216,116,100,TALAGANTE,TALAGANTE,136,13601
13264,,13264,METROPOLITANA DE SANTIAGO,13,3,1090,577,513,872,479,393,218,98,120,TALAGANTE,TALAGANTE,136,13601
13265,,13265,METROPOLITANA DE SANTIAGO,13,4,1101,576,525,876,458,418,225,118,107,TALAGANTE,TALAGANTE,136,13601
13266,,13266,METROPOLITANA DE SANTIAGO,13,5,1122,575,547,880,451,429,242,124,118,TALAGANTE,TALAGANTE,136,13601
13267,,13267,METROPOLITANA DE SANTIAGO,13,6,1086,558,528,856,455,401,230,103,127,TALAGANTE,TALAGANTE,136,13601
13268,,13268,METROPOLITANA DE SANTIAGO,13,7,1122,590,532,880,459,421,242,131,111,TALAGANTE,TALAGANTE,136,13601
13269,,13269,METROPOLITANA DE SANTIAGO,13,8,1118,553,565,894,435,459,224,118,106,TALAGANTE,TALAGANTE,136,13601
13270,,13270,METROPOLITANA DE SANTIAGO,13,9,1046,531,515,824,419,405,222,112,110,TALAGANTE,TALAGANTE,136,13601
13271,,13271,METROPOLITANA DE SANTIAGO,13,10,1014,526,488,795,418,377,219,108,111,TALAGANTE,TALAGANTE,136,13601
13272,,13272,METROPOLITANA DE SANTIAGO,13,11,1025,532,493,788,408,380,237,124,113,TALAGANTE,TALAGANTE,136,13601
13273,,13273,METROPOLITANA DE SANTIAGO,13,12,996,489,507,765,374,391,231,115,116,TALAGANTE,TALAGANTE,136,13601
13274,,13274,METROPOLITANA DE SANTIAGO,13,13,1034,522,512,773,403,370,261,119,142,TALAGANTE,TALAGANTE,136,13601
13275,,13275,METROPOLITANA DE SANTIAGO,13,14,1045,549,496,809,424,385,236,125,111,TALAGANTE,TALAGANTE,136,13601
13276,,13276,METROPOLITANA DE SANTIAGO,13,15,1068,529,539,833,417,416,235,112,123,TALAGANTE,TALAGANTE,136,13601
13277,,13277,METROPOLITANA DE SANTIAGO,13,16,1158,596,562,902,468,434,256,128,128,TALAGANTE,TALAGANTE,136,13601
13278,,13278,METROPOLITANA DE SANTIAGO,13,17,1092,568,524,844,425,419,248,143,105,TALAGANTE,TALAGANTE,136,13601
13279,,13279,METROPOLITANA DE SANTIAGO,13,18,1074,536,538,886,448,438,188,88,100,TALAGANTE,TALAGANTE,136,13601
13280,,13280,METROPOLITANA DE SANTIAGO,13,19,1164,610,554,950,497,453,214,113,101,TALAGANTE,TALAGANTE,136,13601
13281,,13281,METROPOLITANA DE SANTIAGO,13,20,1144,582,562,926,479,447,218,103,115,TALAGANTE,TALAGANTE,136,13601
13282,,13282,METROPOLITANA DE SANTIAGO,13,21,1139,589,550,951,485,466,188,104,84,TALAGANTE,TALAGANTE,136,13601
13283,,13283,METROPOLITANA DE SANTIAGO,13,22,1285,654,631,1080,553,527,205,101,104,TALAGANTE,TALAGANTE,136,13601
13284,,13284,METROPOLITANA DE SANTIAGO,13,23,1222,642,580,1003,533,470,219,109,110,TALAGANTE,TALAGANTE,136,13601
13285,,13285,METROPOLITANA DE SANTIAGO,13,24,1243,678,565,1055,578,477,188,100,88,TALAGANTE,TALAGANTE,136,13601
13286,,13286,METROPOLITANA DE SANTIAGO,13,25,1249,611,638,1065,525,540,184,86,98,TALAGANTE,TALAGANTE,136,13601
13287,,13287,METROPOLITANA DE SANTIAGO,13,26,1231,643,588,1035,530,505,196,113,83,TALAGANTE,TALAGANTE,136,13601
13288,,13288,METROPOLITANA DE SANTIAGO,13,27,1229,640,589,1050,562,488,179,78,101,TALAGANTE,TALAGANTE,136,13601
13289,,13289,METROPOLITANA DE SANTIAGO,13,28,1165,578,587,1014,504,510,151,74,77,TALAGANTE,TALAGANTE,136,13601
13290,,13290,METROPOLITANA DE SANTIAGO,13,29,1198,602,596,1026,519,507,172,83,89,TALAGANTE,TALAGANTE,136,13601
13291,,13291,METROPOLITANA DE SANTIAGO,13,30,1059,555,504,927,473,454,132,82,50,TALAGANTE,TALAGANTE,136,13601
13292,,13292,METROPOLITANA DE SANTIAGO,13,31,1031,513,518,883,440,443,148,73,75,TALAGANTE,TALAGANTE,136,13601
13293,,13293,METROPOLITANA DE SANTIAGO,13,32,1072,552,520,885,454,431,187,98,89,TALAGANTE,TALAGANTE,136,13601
13294,,13294,METROPOLITANA DE SANTIAGO,13,33,987,517,470,855,442,413,132,75,57,TALAGANTE,TALAGANTE,136,13601
13295,,13295,METROPOLITANA DE SANTIAGO,13,34,1101,553,548,882,456,426,219,97,122,TALAGANTE,TALAGANTE,136,13601
13296,,13296,METROPOLITANA DE SANTIAGO,13,35,1089,547,542,868,436,432,221,111,110,TALAGANTE,TALAGANTE,136,13601
13297,,13297,METROPOLITANA DE SANTIAGO,13,36,1030,524,506,825,427,398,205,97,108,TALAGANTE,TALAGANTE,136,13601
13298,,13298,METROPOLITANA DE SANTIAGO,13,37,944,459,485,745,369,376,199,90,109,TALAGANTE,TALAGANTE,136,13601
13299,,13299,METROPOLITANA DE SANTIAGO,13,38,965,487,478,756,400,356,209,87,122,TALAGANTE,TALAGANTE,136,13601
13300,,13300,METROPOLITANA DE SANTIAGO,13,39,984,484,500,720,361,359,264,123,141,TALAGANTE,TALAGANTE,136,13601
13301,,13301,METROPOLITANA DE SANTIAGO,13,40,944,455,489,723,348,375,221,107,114,TALAGANTE,TALAGANTE,136,13601
13302,,13302,METROPOLITANA DE SANTIAGO,13,41,972,488,484,705,357,348,267,131,136,TALAGANTE,TALAGANTE,136,13601
13303,,13303,METROPOLITANA DE SANTIAGO,13,42,997,488,509,735,366,369,262,122,140,TALAGANTE,TALAGANTE,136,13601
13304,,13304,METROPOLITANA DE SANTIAGO,13,43,1038,521,517,781,395,386,257,126,131,TALAGANTE,TALAGANTE,136,13601
13305,,13305,METROPOLITANA DE SANTIAGO,13,44,1017,512,505,739,371,368,278,141,137,TALAGANTE,TALAGANTE,136,13601
13306,,13306,METROPOLITANA DE SANTIAGO,13,45,1004,517,487,764,382,382,240,135,105,TALAGANTE,TALAGANTE,136,13601
13307,,13307,METROPOLITANA DE SANTIAGO,13,46,997,485,512,740,361,379,257,124,133,TALAGANTE,TALAGANTE,136,13601
13308,,13308,METROPOLITANA DE SANTIAGO,13,47,940,430,510,727,329,398,213,101,112,TALAGANTE,TALAGANTE,136,13601
13309,,13309,METROPOLITANA DE SANTIAGO,13,48,986,492,494,753,370,383,233,122,111,TALAGANTE,TALAGANTE,136,13601
13310,,13310,METROPOLITANA DE SANTIAGO,13,49,1067,512,555,806,360,446,261,152,109,TALAGANTE,TALAGANTE,136,13601
13311,,13311,METROPOLITANA DE SANTIAGO,13,50,1040,484,556,838,385,453,202,99,103,TALAGANTE,TALAGANTE,136,13601
13312,,13312,METROPOLITANA DE SANTIAGO,13,51,1093,501,592,872,396,476,221,105,116,TALAGANTE,TALAGANTE,136,13601
13313,,13313,METROPOLITANA DE SANTIAGO,13,52,1081,514,567,869,398,471,212,116,96,TALAGANTE,TALAGANTE,136,13601
13314,,13314,METROPOLITANA DE SANTIAGO,13,53,983,481,502,792,378,414,191,103,88,TALAGANTE,TALAGANTE,136,13601
13315,,13315,METROPOLITANA DE SANTIAGO,13,54,1091,505,586,895,405,490,196,100,96,TALAGANTE,TALAGANTE,136,13601
13316,,13316,METROPOLITANA DE SANTIAGO,13,55,1016,508,508,813,402,411,203,106,97,TALAGANTE,TALAGANTE,136,13601
13317,,13317,METROPOLITANA DE SANTIAGO,13,56,971,495,476,777,394,383,194,101,93,TALAGANTE,TALAGANTE,136,13601
13318,,13318,METROPOLITANA DE SANTIAGO,13,57,892,427,465,706,327,379,186,100,86,TALAGANTE,TALAGANTE,136,13601
13319,,13319,METROPOLITANA DE SANTIAGO,13,58,915,457,458,709,350,359,206,107,99,TALAGANTE,TALAGANTE,136,13601
13320,,13320,METROPOLITANA DE SANTIAGO,13,59,805,387,418,662,311,351,143,76,67,TALAGANTE,TALAGANTE,136,13601
13321,,13321,METROPOLITANA DE SANTIAGO,13,60,794,384,410,634,306,328,160,78,82,TALAGANTE,TALAGANTE,136,13601
13322,,13322,METROPOLITANA DE SANTIAGO,13,61,672,329,343,541,264,277,131,65,66,TALAGANTE,TALAGANTE,136,13601
13323,,13323,METROPOLITANA DE SANTIAGO,13,62,681,326,355,535,255,280,146,71,75,TALAGANTE,TALAGANTE,136,13601
13324,,13324,METROPOLITANA DE SANTIAGO,13,63,604,287,317,471,220,251,133,67,66,TALAGANTE,TALAGANTE,136,13601
13325,,13325,METROPOLITANA DE SANTIAGO,13,64,573,248,325,431,181,250,142,67,75,TALAGANTE,TALAGANTE,136,13601
13326,,13326,METROPOLITANA DE SANTIAGO,13,65,557,271,286,424,204,220,133,67,66,TALAGANTE,TALAGANTE,136,13601
13327,,13327,METROPOLITANA DE SANTIAGO,13,66,521,243,278,413,193,220,108,50,58,TALAGANTE,TALAGANTE,136,13601
13328,,13328,METROPOLITANA DE SANTIAGO,13,67,491,232,259,369,170,199,122,62,60,TALAGANTE,TALAGANTE,136,13601
13329,,13329,METROPOLITANA DE SANTIAGO,13,68,487,203,284,392,160,232,95,43,52,TALAGANTE,TALAGANTE,136,13601
13330,,13330,METROPOLITANA DE SANTIAGO,13,69,416,197,219,325,152,173,91,45,46,TALAGANTE,TALAGANTE,136,13601
13331,,13331,METROPOLITANA DE SANTIAGO,13,70,405,177,228,323,143,180,82,34,48,TALAGANTE,TALAGANTE,136,13601
13332,,13332,METROPOLITANA DE SANTIAGO,13,71,396,178,218,300,132,168,96,46,50,TALAGANTE,TALAGANTE,136,13601
13333,,13333,METROPOLITANA DE SANTIAGO,13,72,402,173,229,314,121,193,88,52,36,TALAGANTE,TALAGANTE,136,13601
13334,,13334,METROPOLITANA DE SANTIAGO,13,73,342,152,190,270,112,158,72,40,32,TALAGANTE,TALAGANTE,136,13601
13335,,13335,METROPOLITANA DE SANTIAGO,13,74,314,138,176,221,89,132,93,49,44,TALAGANTE,TALAGANTE,136,13601
13336,,13336,METROPOLITANA DE SANTIAGO,13,75,292,138,154,233,112,121,59,26,33,TALAGANTE,TALAGANTE,136,13601
13337,,13337,METROPOLITANA DE SANTIAGO,13,76,299,136,163,235,105,130,64,31,33,TALAGANTE,TALAGANTE,136,13601
13338,,13338,METROPOLITANA DE SANTIAGO,13,77,260,116,144,206,89,117,54,27,27,TALAGANTE,TALAGANTE,136,13601
13339,,13339,METROPOLITANA DE SANTIAGO,13,78,224,95,129,180,74,106,44,21,23,TALAGANTE,TALAGANTE,136,13601
13340,,13340,METROPOLITANA DE SANTIAGO,13,79,215,81,134,177,63,114,38,18,20,TALAGANTE,TALAGANTE,136,13601
13341,,13341,METROPOLITANA DE SANTIAGO,13,80,198,92,106,156,68,88,42,24,18,TALAGANTE,TALAGANTE,136,13601
13342,,13342,METROPOLITANA DE SANTIAGO,13,81,179,68,111,137,53,84,42,15,27,TALAGANTE,TALAGANTE,136,13601
13343,,13343,METROPOLITANA DE SANTIAGO,13,82,147,67,80,123,51,72,24,16,8,TALAGANTE,TALAGANTE,136,13601
13344,,13344,METROPOLITANA DE SANTIAGO,13,83,147,59,88,121,47,74,26,12,14,TALAGANTE,TALAGANTE,136,13601
13345,,13345,METROPOLITANA DE SANTIAGO,13,84,137,48,89,117,41,76,20,7,13,TALAGANTE,TALAGANTE,136,13601
13346,,13346,METROPOLITANA DE SANTIAGO,13,85,108,41,67,88,33,55,20,8,12,TALAGANTE,TALAGANTE,136,13601
13347,,13347,METROPOLITANA DE SANTIAGO,13,86,141,40,101,110,30,80,31,10,21,TALAGANTE,TALAGANTE,136,13601
13348,,13348,METROPOLITANA DE SANTIAGO,13,87,101,41,60,78,29,49,23,12,11,TALAGANTE,TALAGANTE,136,13601
13349,,13349,METROPOLITANA DE SANTIAGO,13,88,85,29,56,69,23,46,16,6,10,TALAGANTE,TALAGANTE,136,13601
13350,,13350,METROPOLITANA DE SANTIAGO,13,89,72,42,30,61,36,25,11,6,5,TALAGANTE,TALAGANTE,136,13601
13351,,13351,METROPOLITANA DE SANTIAGO,13,90,61,23,38,49,18,31,12,5,7,TALAGANTE,TALAGANTE,136,13601
13352,,13352,METROPOLITANA DE SANTIAGO,13,91,42,8,34,33,6,27,9,2,7,TALAGANTE,TALAGANTE,136,13601
13353,,13353,METROPOLITANA DE SANTIAGO,13,92,28,13,15,23,11,12,5,2,3,TALAGANTE,TALAGANTE,136,13601
13354,,13354,METROPOLITANA DE SANTIAGO,13,93,25,8,17,19,5,14,6,3,3,TALAGANTE,TALAGANTE,136,13601
13355,,13355,METROPOLITANA DE SANTIAGO,13,94,23,6,17,17,3,14,6,3,3,TALAGANTE,TALAGANTE,136,13601
13356,,13356,METROPOLITANA DE SANTIAGO,13,95,16,3,13,10,2,8,6,1,5,TALAGANTE,TALAGANTE,136,13601
13357,,13357,METROPOLITANA DE SANTIAGO,13,96,13,3,10,9,3,6,4,0,4,TALAGANTE,TALAGANTE,136,13601
13358,,13358,METROPOLITANA DE SANTIAGO,13,97,8,2,6,7,2,5,1,0,1,TALAGANTE,TALAGANTE,136,13601
13359,,13359,METROPOLITANA DE SANTIAGO,13,98,4,1,3,4,1,3,0,0,0,TALAGANTE,TALAGANTE,136,13601
13360,,13360,METROPOLITANA DE SANTIAGO,13,99,4,0,4,3,0,3,1,0,1,TALAGANTE,TALAGANTE,136,13601
13361,,13361,METROPOLITANA DE SANTIAGO,13,100 o más,22,11,11,15,10,5,7,1,6,TALAGANTE,TALAGANTE,136,13601
13362,,13362,METROPOLITANA DE SANTIAGO,13,Total Comuna,35923,17793,18130,30045,14776,15269,5878,3017,2861,EL MONTE,TALAGANTE,136,13602
13363,,13363,METROPOLITANA DE SANTIAGO,13,0,509,249,260,438,206,232,71,43,28,EL MONTE,TALAGANTE,136,13602
13364,,13364,METROPOLITANA DE SANTIAGO,13,1,567,291,276,489,255,234,78,36,42,EL MONTE,TALAGANTE,136,13602
13365,,13365,METROPOLITANA DE SANTIAGO,13,2,579,287,292,486,231,255,93,56,37,EL MONTE,TALAGANTE,136,13602
13366,,13366,METROPOLITANA DE SANTIAGO,13,3,593,301,292,501,250,251,92,51,41,EL MONTE,TALAGANTE,136,13602
13367,,13367,METROPOLITANA DE SANTIAGO,13,4,577,302,275,499,262,237,78,40,38,EL MONTE,TALAGANTE,136,13602
13368,,13368,METROPOLITANA DE SANTIAGO,13,5,557,282,275,477,243,234,80,39,41,EL MONTE,TALAGANTE,136,13602
13369,,13369,METROPOLITANA DE SANTIAGO,13,6,590,323,267,505,279,226,85,44,41,EL MONTE,TALAGANTE,136,13602
13370,,13370,METROPOLITANA DE SANTIAGO,13,7,552,280,272,473,245,228,79,35,44,EL MONTE,TALAGANTE,136,13602
13371,,13371,METROPOLITANA DE SANTIAGO,13,8,525,266,259,451,231,220,74,35,39,EL MONTE,TALAGANTE,136,13602
13372,,13372,METROPOLITANA DE SANTIAGO,13,9,523,265,258,454,236,218,69,29,40,EL MONTE,TALAGANTE,136,13602
13373,,13373,METROPOLITANA DE SANTIAGO,13,10,525,264,261,449,219,230,76,45,31,EL MONTE,TALAGANTE,136,13602
13374,,13374,METROPOLITANA DE SANTIAGO,13,11,504,231,273,422,190,232,82,41,41,EL MONTE,TALAGANTE,136,13602
13375,,13375,METROPOLITANA DE SANTIAGO,13,12,499,253,246,419,215,204,80,38,42,EL MONTE,TALAGANTE,136,13602
13376,,13376,METROPOLITANA DE SANTIAGO,13,13,482,231,251,394,192,202,88,39,49,EL MONTE,TALAGANTE,136,13602
13377,,13377,METROPOLITANA DE SANTIAGO,13,14,508,246,262,422,203,219,86,43,43,EL MONTE,TALAGANTE,136,13602
13378,,13378,METROPOLITANA DE SANTIAGO,13,15,528,269,259,440,221,219,88,48,40,EL MONTE,TALAGANTE,136,13602
13379,,13379,METROPOLITANA DE SANTIAGO,13,16,531,285,246,439,235,204,92,50,42,EL MONTE,TALAGANTE,136,13602
13380,,13380,METROPOLITANA DE SANTIAGO,13,17,495,245,250,414,206,208,81,39,42,EL MONTE,TALAGANTE,136,13602
13381,,13381,METROPOLITANA DE SANTIAGO,13,18,544,263,281,456,220,236,88,43,45,EL MONTE,TALAGANTE,136,13602
13382,,13382,METROPOLITANA DE SANTIAGO,13,19,525,259,266,456,221,235,69,38,31,EL MONTE,TALAGANTE,136,13602
13383,,13383,METROPOLITANA DE SANTIAGO,13,20,531,288,243,445,240,205,86,48,38,EL MONTE,TALAGANTE,136,13602
13384,,13384,METROPOLITANA DE SANTIAGO,13,21,570,296,274,487,250,237,83,46,37,EL MONTE,TALAGANTE,136,13602
13385,,13385,METROPOLITANA DE SANTIAGO,13,22,599,320,279,525,288,237,74,32,42,EL MONTE,TALAGANTE,136,13602
13386,,13386,METROPOLITANA DE SANTIAGO,13,23,593,312,281,501,267,234,92,45,47,EL MONTE,TALAGANTE,136,13602
13387,,13387,METROPOLITANA DE SANTIAGO,13,24,583,284,299,499,241,258,84,43,41,EL MONTE,TALAGANTE,136,13602
13388,,13388,METROPOLITANA DE SANTIAGO,13,25,574,292,282,494,248,246,80,44,36,EL MONTE,TALAGANTE,136,13602
13389,,13389,METROPOLITANA DE SANTIAGO,13,26,595,277,318,530,248,282,65,29,36,EL MONTE,TALAGANTE,136,13602
13390,,13390,METROPOLITANA DE SANTIAGO,13,27,601,300,301,511,252,259,90,48,42,EL MONTE,TALAGANTE,136,13602
13391,,13391,METROPOLITANA DE SANTIAGO,13,28,632,313,319,539,255,284,93,58,35,EL MONTE,TALAGANTE,136,13602
13392,,13392,METROPOLITANA DE SANTIAGO,13,29,583,306,277,491,256,235,92,50,42,EL MONTE,TALAGANTE,136,13602
13393,,13393,METROPOLITANA DE SANTIAGO,13,30,592,276,316,514,246,268,78,30,48,EL MONTE,TALAGANTE,136,13602
13394,,13394,METROPOLITANA DE SANTIAGO,13,31,522,259,263,439,219,220,83,40,43,EL MONTE,TALAGANTE,136,13602
13395,,13395,METROPOLITANA DE SANTIAGO,13,32,539,253,286,465,218,247,74,35,39,EL MONTE,TALAGANTE,136,13602
13396,,13396,METROPOLITANA DE SANTIAGO,13,33,454,252,202,392,222,170,62,30,32,EL MONTE,TALAGANTE,136,13602
13397,,13397,METROPOLITANA DE SANTIAGO,13,34,506,236,270,421,197,224,85,39,46,EL MONTE,TALAGANTE,136,13602
13398,,13398,METROPOLITANA DE SANTIAGO,13,35,500,261,239,415,214,201,85,47,38,EL MONTE,TALAGANTE,136,13602
13399,,13399,METROPOLITANA DE SANTIAGO,13,36,476,232,244,393,186,207,83,46,37,EL MONTE,TALAGANTE,136,13602
13400,,13400,METROPOLITANA DE SANTIAGO,13,37,492,249,243,402,205,197,90,44,46,EL MONTE,TALAGANTE,136,13602
13401,,13401,METROPOLITANA DE SANTIAGO,13,38,424,192,232,362,168,194,62,24,38,EL MONTE,TALAGANTE,136,13602
13402,,13402,METROPOLITANA DE SANTIAGO,13,39,443,235,208,368,190,178,75,45,30,EL MONTE,TALAGANTE,136,13602
13403,,13403,METROPOLITANA DE SANTIAGO,13,40,463,228,235,391,193,198,72,35,37,EL MONTE,TALAGANTE,136,13602
13404,,13404,METROPOLITANA DE SANTIAGO,13,41,471,217,254,397,178,219,74,39,35,EL MONTE,TALAGANTE,136,13602
13405,,13405,METROPOLITANA DE SANTIAGO,13,42,499,246,253,400,198,202,99,48,51,EL MONTE,TALAGANTE,136,13602
13406,,13406,METROPOLITANA DE SANTIAGO,13,43,455,227,228,372,191,181,83,36,47,EL MONTE,TALAGANTE,136,13602
13407,,13407,METROPOLITANA DE SANTIAGO,13,44,469,251,218,388,209,179,81,42,39,EL MONTE,TALAGANTE,136,13602
13408,,13408,METROPOLITANA DE SANTIAGO,13,45,471,232,239,390,190,200,81,42,39,EL MONTE,TALAGANTE,136,13602
13409,,13409,METROPOLITANA DE SANTIAGO,13,46,437,228,209,362,182,180,75,46,29,EL MONTE,TALAGANTE,136,13602
13410,,13410,METROPOLITANA DE SANTIAGO,13,47,455,225,230,355,170,185,100,55,45,EL MONTE,TALAGANTE,136,13602
13411,,13411,METROPOLITANA DE SANTIAGO,13,48,476,224,252,396,188,208,80,36,44,EL MONTE,TALAGANTE,136,13602
13412,,13412,METROPOLITANA DE SANTIAGO,13,49,473,224,249,401,190,211,72,34,38,EL MONTE,TALAGANTE,136,13602
13413,,13413,METROPOLITANA DE SANTIAGO,13,50,497,233,264,414,195,219,83,38,45,EL MONTE,TALAGANTE,136,13602
13414,,13414,METROPOLITANA DE SANTIAGO,13,51,513,245,268,423,193,230,90,52,38,EL MONTE,TALAGANTE,136,13602
13415,,13415,METROPOLITANA DE SANTIAGO,13,52,488,257,231,384,198,186,104,59,45,EL MONTE,TALAGANTE,136,13602
13416,,13416,METROPOLITANA DE SANTIAGO,13,53,462,236,226,380,186,194,82,50,32,EL MONTE,TALAGANTE,136,13602
13417,,13417,METROPOLITANA DE SANTIAGO,13,54,471,255,216,392,206,186,79,49,30,EL MONTE,TALAGANTE,136,13602
13418,,13418,METROPOLITANA DE SANTIAGO,13,55,465,214,251,381,175,206,84,39,45,EL MONTE,TALAGANTE,136,13602
13419,,13419,METROPOLITANA DE SANTIAGO,13,56,430,208,222,347,168,179,83,40,43,EL MONTE,TALAGANTE,136,13602
13420,,13420,METROPOLITANA DE SANTIAGO,13,57,424,192,232,340,157,183,84,35,49,EL MONTE,TALAGANTE,136,13602
13421,,13421,METROPOLITANA DE SANTIAGO,13,58,405,201,204,324,152,172,81,49,32,EL MONTE,TALAGANTE,136,13602
13422,,13422,METROPOLITANA DE SANTIAGO,13,59,372,192,180,284,140,144,88,52,36,EL MONTE,TALAGANTE,136,13602
13423,,13423,METROPOLITANA DE SANTIAGO,13,60,337,175,162,269,141,128,68,34,34,EL MONTE,TALAGANTE,136,13602
13424,,13424,METROPOLITANA DE SANTIAGO,13,61,321,142,179,251,109,142,70,33,37,EL MONTE,TALAGANTE,136,13602
13425,,13425,METROPOLITANA DE SANTIAGO,13,62,328,177,151,254,132,122,74,45,29,EL MONTE,TALAGANTE,136,13602
13426,,13426,METROPOLITANA DE SANTIAGO,13,63,293,173,120,234,138,96,59,35,24,EL MONTE,TALAGANTE,136,13602
13427,,13427,METROPOLITANA DE SANTIAGO,13,64,272,123,149,228,108,120,44,15,29,EL MONTE,TALAGANTE,136,13602
13428,,13428,METROPOLITANA DE SANTIAGO,13,65,257,116,141,206,95,111,51,21,30,EL MONTE,TALAGANTE,136,13602
13429,,13429,METROPOLITANA DE SANTIAGO,13,66,249,122,127,199,94,105,50,28,22,EL MONTE,TALAGANTE,136,13602
13430,,13430,METROPOLITANA DE SANTIAGO,13,67,253,120,133,205,94,111,48,26,22,EL MONTE,TALAGANTE,136,13602
13431,,13431,METROPOLITANA DE SANTIAGO,13,68,251,123,128,209,98,111,42,25,17,EL MONTE,TALAGANTE,136,13602
13432,,13432,METROPOLITANA DE SANTIAGO,13,69,210,89,121,179,73,106,31,16,15,EL MONTE,TALAGANTE,136,13602
13433,,13433,METROPOLITANA DE SANTIAGO,13,70,229,125,104,183,97,86,46,28,18,EL MONTE,TALAGANTE,136,13602
13434,,13434,METROPOLITANA DE SANTIAGO,13,71,208,105,103,161,80,81,47,25,22,EL MONTE,TALAGANTE,136,13602
13435,,13435,METROPOLITANA DE SANTIAGO,13,72,173,70,103,145,56,89,28,14,14,EL MONTE,TALAGANTE,136,13602
13436,,13436,METROPOLITANA DE SANTIAGO,13,73,192,89,103,165,72,93,27,17,10,EL MONTE,TALAGANTE,136,13602
13437,,13437,METROPOLITANA DE SANTIAGO,13,74,152,64,88,133,54,79,19,10,9,EL MONTE,TALAGANTE,136,13602
13438,,13438,METROPOLITANA DE SANTIAGO,13,75,170,81,89,145,70,75,25,11,14,EL MONTE,TALAGANTE,136,13602
13439,,13439,METROPOLITANA DE SANTIAGO,13,76,137,58,79,108,44,64,29,14,15,EL MONTE,TALAGANTE,136,13602
13440,,13440,METROPOLITANA DE SANTIAGO,13,77,137,57,80,117,49,68,20,8,12,EL MONTE,TALAGANTE,136,13602
13441,,13441,METROPOLITANA DE SANTIAGO,13,78,115,61,54,91,51,40,24,10,14,EL MONTE,TALAGANTE,136,13602
13442,,13442,METROPOLITANA DE SANTIAGO,13,79,103,46,57,79,33,46,24,13,11,EL MONTE,TALAGANTE,136,13602
13443,,13443,METROPOLITANA DE SANTIAGO,13,80,114,54,60,103,51,52,11,3,8,EL MONTE,TALAGANTE,136,13602
13444,,13444,METROPOLITANA DE SANTIAGO,13,81,100,45,55,85,37,48,15,8,7,EL MONTE,TALAGANTE,136,13602
13445,,13445,METROPOLITANA DE SANTIAGO,13,82,84,28,56,69,24,45,15,4,11,EL MONTE,TALAGANTE,136,13602
13446,,13446,METROPOLITANA DE SANTIAGO,13,83,77,33,44,65,25,40,12,8,4,EL MONTE,TALAGANTE,136,13602
13447,,13447,METROPOLITANA DE SANTIAGO,13,84,67,24,43,59,19,40,8,5,3,EL MONTE,TALAGANTE,136,13602
13448,,13448,METROPOLITANA DE SANTIAGO,13,85,56,28,28,46,22,24,10,6,4,EL MONTE,TALAGANTE,136,13602
13449,,13449,METROPOLITANA DE SANTIAGO,13,86,71,25,46,59,21,38,12,4,8,EL MONTE,TALAGANTE,136,13602
13450,,13450,METROPOLITANA DE SANTIAGO,13,87,47,15,32,35,10,25,12,5,7,EL MONTE,TALAGANTE,136,13602
13451,,13451,METROPOLITANA DE SANTIAGO,13,88,30,8,22,25,6,19,5,2,3,EL MONTE,TALAGANTE,136,13602
13452,,13452,METROPOLITANA DE SANTIAGO,13,89,29,17,12,21,12,9,8,5,3,EL MONTE,TALAGANTE,136,13602
13453,,13453,METROPOLITANA DE SANTIAGO,13,90,31,13,18,28,11,17,3,2,1,EL MONTE,TALAGANTE,136,13602
13454,,13454,METROPOLITANA DE SANTIAGO,13,91,26,4,22,19,2,17,7,2,5,EL MONTE,TALAGANTE,136,13602
13455,,13455,METROPOLITANA DE SANTIAGO,13,92,17,6,11,16,6,10,1,0,1,EL MONTE,TALAGANTE,136,13602
13456,,13456,METROPOLITANA DE SANTIAGO,13,93,18,9,9,15,7,8,3,2,1,EL MONTE,TALAGANTE,136,13602
13457,,13457,METROPOLITANA DE SANTIAGO,13,94,13,2,11,10,2,8,3,0,3,EL MONTE,TALAGANTE,136,13602
13458,,13458,METROPOLITANA DE SANTIAGO,13,95,15,1,14,12,1,11,3,0,3,EL MONTE,TALAGANTE,136,13602
13459,,13459,METROPOLITANA DE SANTIAGO,13,96,11,2,9,11,2,9,0,0,0,EL MONTE,TALAGANTE,136,13602
13460,,13460,METROPOLITANA DE SANTIAGO,13,97,2,0,2,2,0,2,0,0,0,EL MONTE,TALAGANTE,136,13602
13461,,13461,METROPOLITANA DE SANTIAGO,13,98,2,1,1,1,0,1,1,1,0,EL MONTE,TALAGANTE,136,13602
13462,,13462,METROPOLITANA DE SANTIAGO,13,99,2,0,2,1,0,1,1,0,1,EL MONTE,TALAGANTE,136,13602
13463,,13463,METROPOLITANA DE SANTIAGO,13,100 o más,6,2,4,4,1,3,2,1,1,EL MONTE,TALAGANTE,136,13602
13464,,13464,METROPOLITANA DE SANTIAGO,13,Total Comuna,36219,18051,18168,26941,13295,13646,9278,4756,4522,ISLA DE MAIPO,TALAGANTE,136,13603
13465,,13465,METROPOLITANA DE SANTIAGO,13,0,431,214,217,323,154,169,108,60,48,ISLA DE MAIPO,TALAGANTE,136,13603
13466,,13466,METROPOLITANA DE SANTIAGO,13,1,557,260,297,410,192,218,147,68,79,ISLA DE MAIPO,TALAGANTE,136,13603
13467,,13467,METROPOLITANA DE SANTIAGO,13,2,548,290,258,410,218,192,138,72,66,ISLA DE MAIPO,TALAGANTE,136,13603
13468,,13468,METROPOLITANA DE SANTIAGO,13,3,531,265,266,403,197,206,128,68,60,ISLA DE MAIPO,TALAGANTE,136,13603
13469,,13469,METROPOLITANA DE SANTIAGO,13,4,543,292,251,399,209,190,144,83,61,ISLA DE MAIPO,TALAGANTE,136,13603
13470,,13470,METROPOLITANA DE SANTIAGO,13,5,557,280,277,403,212,191,154,68,86,ISLA DE MAIPO,TALAGANTE,136,13603
13471,,13471,METROPOLITANA DE SANTIAGO,13,6,521,278,243,397,206,191,124,72,52,ISLA DE MAIPO,TALAGANTE,136,13603
13472,,13472,METROPOLITANA DE SANTIAGO,13,7,579,301,278,445,235,210,134,66,68,ISLA DE MAIPO,TALAGANTE,136,13603
13473,,13473,METROPOLITANA DE SANTIAGO,13,8,521,264,257,405,199,206,116,65,51,ISLA DE MAIPO,TALAGANTE,136,13603
13474,,13474,METROPOLITANA DE SANTIAGO,13,9,553,277,276,421,210,211,132,67,65,ISLA DE MAIPO,TALAGANTE,136,13603
13475,,13475,METROPOLITANA DE SANTIAGO,13,10,559,281,278,444,225,219,115,56,59,ISLA DE MAIPO,TALAGANTE,136,13603
13476,,13476,METROPOLITANA DE SANTIAGO,13,11,491,261,230,365,186,179,126,75,51,ISLA DE MAIPO,TALAGANTE,136,13603
13477,,13477,METROPOLITANA DE SANTIAGO,13,12,484,229,255,364,167,197,120,62,58,ISLA DE MAIPO,TALAGANTE,136,13603
13478,,13478,METROPOLITANA DE SANTIAGO,13,13,559,283,276,424,217,207,135,66,69,ISLA DE MAIPO,TALAGANTE,136,13603
13479,,13479,METROPOLITANA DE SANTIAGO,13,14,527,273,254,397,202,195,130,71,59,ISLA DE MAIPO,TALAGANTE,136,13603
13480,,13480,METROPOLITANA DE SANTIAGO,13,15,529,265,264,381,193,188,148,72,76,ISLA DE MAIPO,TALAGANTE,136,13603
13481,,13481,METROPOLITANA DE SANTIAGO,13,16,569,291,278,435,235,200,134,56,78,ISLA DE MAIPO,TALAGANTE,136,13603
13482,,13482,METROPOLITANA DE SANTIAGO,13,17,556,278,278,425,201,224,131,77,54,ISLA DE MAIPO,TALAGANTE,136,13603
13483,,13483,METROPOLITANA DE SANTIAGO,13,18,531,277,254,404,211,193,127,66,61,ISLA DE MAIPO,TALAGANTE,136,13603
13484,,13484,METROPOLITANA DE SANTIAGO,13,19,501,262,239,386,202,184,115,60,55,ISLA DE MAIPO,TALAGANTE,136,13603
13485,,13485,METROPOLITANA DE SANTIAGO,13,20,568,291,277,422,211,211,146,80,66,ISLA DE MAIPO,TALAGANTE,136,13603
13486,,13486,METROPOLITANA DE SANTIAGO,13,21,556,285,271,427,223,204,129,62,67,ISLA DE MAIPO,TALAGANTE,136,13603
13487,,13487,METROPOLITANA DE SANTIAGO,13,22,626,302,324,486,236,250,140,66,74,ISLA DE MAIPO,TALAGANTE,136,13603
13488,,13488,METROPOLITANA DE SANTIAGO,13,23,533,279,254,422,223,199,111,56,55,ISLA DE MAIPO,TALAGANTE,136,13603
13489,,13489,METROPOLITANA DE SANTIAGO,13,24,549,275,274,416,209,207,133,66,67,ISLA DE MAIPO,TALAGANTE,136,13603
13490,,13490,METROPOLITANA DE SANTIAGO,13,25,603,302,301,462,236,226,141,66,75,ISLA DE MAIPO,TALAGANTE,136,13603
13491,,13491,METROPOLITANA DE SANTIAGO,13,26,569,284,285,426,208,218,143,76,67,ISLA DE MAIPO,TALAGANTE,136,13603
13492,,13492,METROPOLITANA DE SANTIAGO,13,27,574,278,296,443,216,227,131,62,69,ISLA DE MAIPO,TALAGANTE,136,13603
13493,,13493,METROPOLITANA DE SANTIAGO,13,28,520,253,267,415,202,213,105,51,54,ISLA DE MAIPO,TALAGANTE,136,13603
13494,,13494,METROPOLITANA DE SANTIAGO,13,29,539,266,273,406,203,203,133,63,70,ISLA DE MAIPO,TALAGANTE,136,13603
13495,,13495,METROPOLITANA DE SANTIAGO,13,30,521,268,253,397,195,202,124,73,51,ISLA DE MAIPO,TALAGANTE,136,13603
13496,,13496,METROPOLITANA DE SANTIAGO,13,31,508,264,244,393,207,186,115,57,58,ISLA DE MAIPO,TALAGANTE,136,13603
13497,,13497,METROPOLITANA DE SANTIAGO,13,32,504,249,255,389,186,203,115,63,52,ISLA DE MAIPO,TALAGANTE,136,13603
13498,,13498,METROPOLITANA DE SANTIAGO,13,33,484,227,257,350,169,181,134,58,76,ISLA DE MAIPO,TALAGANTE,136,13603
13499,,13499,METROPOLITANA DE SANTIAGO,13,34,500,244,256,373,184,189,127,60,67,ISLA DE MAIPO,TALAGANTE,136,13603
13500,,13500,METROPOLITANA DE SANTIAGO,13,35,492,232,260,353,171,182,139,61,78,ISLA DE MAIPO,TALAGANTE,136,13603
13501,,13501,METROPOLITANA DE SANTIAGO,13,36,496,242,254,378,178,200,118,64,54,ISLA DE MAIPO,TALAGANTE,136,13603
13502,,13502,METROPOLITANA DE SANTIAGO,13,37,463,243,220,326,164,162,137,79,58,ISLA DE MAIPO,TALAGANTE,136,13603
13503,,13503,METROPOLITANA DE SANTIAGO,13,38,473,233,240,347,173,174,126,60,66,ISLA DE MAIPO,TALAGANTE,136,13603
13504,,13504,METROPOLITANA DE SANTIAGO,13,39,490,234,256,347,171,176,143,63,80,ISLA DE MAIPO,TALAGANTE,136,13603
13505,,13505,METROPOLITANA DE SANTIAGO,13,40,511,259,252,381,187,194,130,72,58,ISLA DE MAIPO,TALAGANTE,136,13603
13506,,13506,METROPOLITANA DE SANTIAGO,13,41,511,262,249,381,197,184,130,65,65,ISLA DE MAIPO,TALAGANTE,136,13603
13507,,13507,METROPOLITANA DE SANTIAGO,13,42,476,231,245,349,168,181,127,63,64,ISLA DE MAIPO,TALAGANTE,136,13603
13508,,13508,METROPOLITANA DE SANTIAGO,13,43,514,259,255,364,188,176,150,71,79,ISLA DE MAIPO,TALAGANTE,136,13603
13509,,13509,METROPOLITANA DE SANTIAGO,13,44,518,256,262,380,186,194,138,70,68,ISLA DE MAIPO,TALAGANTE,136,13603
13510,,13510,METROPOLITANA DE SANTIAGO,13,45,526,252,274,373,176,197,153,76,77,ISLA DE MAIPO,TALAGANTE,136,13603
13511,,13511,METROPOLITANA DE SANTIAGO,13,46,447,217,230,313,142,171,134,75,59,ISLA DE MAIPO,TALAGANTE,136,13603
13512,,13512,METROPOLITANA DE SANTIAGO,13,47,458,242,216,329,177,152,129,65,64,ISLA DE MAIPO,TALAGANTE,136,13603
13513,,13513,METROPOLITANA DE SANTIAGO,13,48,459,202,257,317,138,179,142,64,78,ISLA DE MAIPO,TALAGANTE,136,13603
13514,,13514,METROPOLITANA DE SANTIAGO,13,49,537,252,285,390,173,217,147,79,68,ISLA DE MAIPO,TALAGANTE,136,13603
13515,,13515,METROPOLITANA DE SANTIAGO,13,50,515,272,243,381,199,182,134,73,61,ISLA DE MAIPO,TALAGANTE,136,13603
13516,,13516,METROPOLITANA DE SANTIAGO,13,51,533,262,271,396,187,209,137,75,62,ISLA DE MAIPO,TALAGANTE,136,13603
13517,,13517,METROPOLITANA DE SANTIAGO,13,52,510,249,261,368,176,192,142,73,69,ISLA DE MAIPO,TALAGANTE,136,13603
13518,,13518,METROPOLITANA DE SANTIAGO,13,53,484,259,225,356,185,171,128,74,54,ISLA DE MAIPO,TALAGANTE,136,13603
13519,,13519,METROPOLITANA DE SANTIAGO,13,54,522,265,257,383,187,196,139,78,61,ISLA DE MAIPO,TALAGANTE,136,13603
13520,,13520,METROPOLITANA DE SANTIAGO,13,55,487,240,247,363,173,190,124,67,57,ISLA DE MAIPO,TALAGANTE,136,13603
13521,,13521,METROPOLITANA DE SANTIAGO,13,56,436,200,236,314,143,171,122,57,65,ISLA DE MAIPO,TALAGANTE,136,13603
13522,,13522,METROPOLITANA DE SANTIAGO,13,57,413,213,200,315,165,150,98,48,50,ISLA DE MAIPO,TALAGANTE,136,13603
13523,,13523,METROPOLITANA DE SANTIAGO,13,58,434,220,214,317,152,165,117,68,49,ISLA DE MAIPO,TALAGANTE,136,13603
13524,,13524,METROPOLITANA DE SANTIAGO,13,59,382,185,197,288,135,153,94,50,44,ISLA DE MAIPO,TALAGANTE,136,13603
13525,,13525,METROPOLITANA DE SANTIAGO,13,60,396,202,194,295,146,149,101,56,45,ISLA DE MAIPO,TALAGANTE,136,13603
13526,,13526,METROPOLITANA DE SANTIAGO,13,61,345,167,178,264,127,137,81,40,41,ISLA DE MAIPO,TALAGANTE,136,13603
13527,,13527,METROPOLITANA DE SANTIAGO,13,62,314,154,160,212,97,115,102,57,45,ISLA DE MAIPO,TALAGANTE,136,13603
13528,,13528,METROPOLITANA DE SANTIAGO,13,63,310,169,141,228,120,108,82,49,33,ISLA DE MAIPO,TALAGANTE,136,13603
13529,,13529,METROPOLITANA DE SANTIAGO,13,64,269,143,126,187,99,88,82,44,38,ISLA DE MAIPO,TALAGANTE,136,13603
13530,,13530,METROPOLITANA DE SANTIAGO,13,65,257,109,148,188,76,112,69,33,36,ISLA DE MAIPO,TALAGANTE,136,13603
13531,,13531,METROPOLITANA DE SANTIAGO,13,66,244,122,122,173,84,89,71,38,33,ISLA DE MAIPO,TALAGANTE,136,13603
13532,,13532,METROPOLITANA DE SANTIAGO,13,67,266,130,136,197,91,106,69,39,30,ISLA DE MAIPO,TALAGANTE,136,13603
13533,,13533,METROPOLITANA DE SANTIAGO,13,68,251,120,131,167,78,89,84,42,42,ISLA DE MAIPO,TALAGANTE,136,13603
13534,,13534,METROPOLITANA DE SANTIAGO,13,69,226,114,112,170,89,81,56,25,31,ISLA DE MAIPO,TALAGANTE,136,13603
13535,,13535,METROPOLITANA DE SANTIAGO,13,70,229,108,121,160,72,88,69,36,33,ISLA DE MAIPO,TALAGANTE,136,13603
13536,,13536,METROPOLITANA DE SANTIAGO,13,71,235,108,127,177,81,96,58,27,31,ISLA DE MAIPO,TALAGANTE,136,13603
13537,,13537,METROPOLITANA DE SANTIAGO,13,72,211,117,94,143,77,66,68,40,28,ISLA DE MAIPO,TALAGANTE,136,13603
13538,,13538,METROPOLITANA DE SANTIAGO,13,73,185,83,102,137,62,75,48,21,27,ISLA DE MAIPO,TALAGANTE,136,13603
13539,,13539,METROPOLITANA DE SANTIAGO,13,74,154,77,77,110,50,60,44,27,17,ISLA DE MAIPO,TALAGANTE,136,13603
13540,,13540,METROPOLITANA DE SANTIAGO,13,75,151,75,76,106,49,57,45,26,19,ISLA DE MAIPO,TALAGANTE,136,13603
13541,,13541,METROPOLITANA DE SANTIAGO,13,76,140,66,74,96,43,53,44,23,21,ISLA DE MAIPO,TALAGANTE,136,13603
13542,,13542,METROPOLITANA DE SANTIAGO,13,77,130,69,61,97,56,41,33,13,20,ISLA DE MAIPO,TALAGANTE,136,13603
13543,,13543,METROPOLITANA DE SANTIAGO,13,78,111,59,52,80,42,38,31,17,14,ISLA DE MAIPO,TALAGANTE,136,13603
13544,,13544,METROPOLITANA DE SANTIAGO,13,79,93,45,48,66,30,36,27,15,12,ISLA DE MAIPO,TALAGANTE,136,13603
13545,,13545,METROPOLITANA DE SANTIAGO,13,80,93,41,52,69,29,40,24,12,12,ISLA DE MAIPO,TALAGANTE,136,13603
13546,,13546,METROPOLITANA DE SANTIAGO,13,81,87,42,45,66,32,34,21,10,11,ISLA DE MAIPO,TALAGANTE,136,13603
13547,,13547,METROPOLITANA DE SANTIAGO,13,82,82,35,47,60,25,35,22,10,12,ISLA DE MAIPO,TALAGANTE,136,13603
13548,,13548,METROPOLITANA DE SANTIAGO,13,83,80,35,45,55,25,30,25,10,15,ISLA DE MAIPO,TALAGANTE,136,13603
13549,,13549,METROPOLITANA DE SANTIAGO,13,84,70,30,40,51,23,28,19,7,12,ISLA DE MAIPO,TALAGANTE,136,13603
13550,,13550,METROPOLITANA DE SANTIAGO,13,85,71,28,43,57,23,34,14,5,9,ISLA DE MAIPO,TALAGANTE,136,13603
13551,,13551,METROPOLITANA DE SANTIAGO,13,86,54,26,28,38,16,22,16,10,6,ISLA DE MAIPO,TALAGANTE,136,13603
13552,,13552,METROPOLITANA DE SANTIAGO,13,87,50,19,31,38,13,25,12,6,6,ISLA DE MAIPO,TALAGANTE,136,13603
13553,,13553,METROPOLITANA DE SANTIAGO,13,88,42,20,22,28,13,15,14,7,7,ISLA DE MAIPO,TALAGANTE,136,13603
13554,,13554,METROPOLITANA DE SANTIAGO,13,89,32,11,21,29,11,18,3,0,3,ISLA DE MAIPO,TALAGANTE,136,13603
13555,,13555,METROPOLITANA DE SANTIAGO,13,90,35,14,21,26,13,13,9,1,8,ISLA DE MAIPO,TALAGANTE,136,13603
13556,,13556,METROPOLITANA DE SANTIAGO,13,91,33,13,20,26,9,17,7,4,3,ISLA DE MAIPO,TALAGANTE,136,13603
13557,,13557,METROPOLITANA DE SANTIAGO,13,92,21,8,13,17,7,10,4,1,3,ISLA DE MAIPO,TALAGANTE,136,13603
13558,,13558,METROPOLITANA DE SANTIAGO,13,93,13,8,5,12,8,4,1,0,1,ISLA DE MAIPO,TALAGANTE,136,13603
13559,,13559,METROPOLITANA DE SANTIAGO,13,94,15,2,13,12,0,12,3,2,1,ISLA DE MAIPO,TALAGANTE,136,13603
13560,,13560,METROPOLITANA DE SANTIAGO,13,95,6,1,5,4,1,3,2,0,2,ISLA DE MAIPO,TALAGANTE,136,13603
13561,,13561,METROPOLITANA DE SANTIAGO,13,96,9,4,5,7,2,5,2,2,0,ISLA DE MAIPO,TALAGANTE,136,13603
13562,,13562,METROPOLITANA DE SANTIAGO,13,97,9,4,5,8,3,5,1,1,0,ISLA DE MAIPO,TALAGANTE,136,13603
13563,,13563,METROPOLITANA DE SANTIAGO,13,98,4,2,2,3,1,2,1,1,0,ISLA DE MAIPO,TALAGANTE,136,13603
13564,,13564,METROPOLITANA DE SANTIAGO,13,99,1,0,1,1,0,1,0,0,0,ISLA DE MAIPO,TALAGANTE,136,13603
13565,,13565,METROPOLITANA DE SANTIAGO,13,100 o más,7,2,5,4,2,2,3,0,3,ISLA DE MAIPO,TALAGANTE,136,13603
13566,,13566,METROPOLITANA DE SANTIAGO,13,Total Comuna,63250,31452,31798,55728,27533,28195,7522,3919,3603,PADRE HURTADO,TALAGANTE,136,13604
13567,,13567,METROPOLITANA DE SANTIAGO,13,0,901,446,455,794,391,403,107,55,52,PADRE HURTADO,TALAGANTE,136,13604
13568,,13568,METROPOLITANA DE SANTIAGO,13,1,1010,544,466,910,484,426,100,60,40,PADRE HURTADO,TALAGANTE,136,13604
13569,,13569,METROPOLITANA DE SANTIAGO,13,2,1050,558,492,953,505,448,97,53,44,PADRE HURTADO,TALAGANTE,136,13604
13570,,13570,METROPOLITANA DE SANTIAGO,13,3,1054,566,488,932,494,438,122,72,50,PADRE HURTADO,TALAGANTE,136,13604
13571,,13571,METROPOLITANA DE SANTIAGO,13,4,1002,508,494,884,448,436,118,60,58,PADRE HURTADO,TALAGANTE,136,13604
13572,,13572,METROPOLITANA DE SANTIAGO,13,5,996,515,481,891,456,435,105,59,46,PADRE HURTADO,TALAGANTE,136,13604
13573,,13573,METROPOLITANA DE SANTIAGO,13,6,982,531,451,878,473,405,104,58,46,PADRE HURTADO,TALAGANTE,136,13604
13574,,13574,METROPOLITANA DE SANTIAGO,13,7,881,451,430,759,385,374,122,66,56,PADRE HURTADO,TALAGANTE,136,13604
13575,,13575,METROPOLITANA DE SANTIAGO,13,8,960,499,461,867,452,415,93,47,46,PADRE HURTADO,TALAGANTE,136,13604
13576,,13576,METROPOLITANA DE SANTIAGO,13,9,910,469,441,808,409,399,102,60,42,PADRE HURTADO,TALAGANTE,136,13604
13577,,13577,METROPOLITANA DE SANTIAGO,13,10,895,454,441,787,403,384,108,51,57,PADRE HURTADO,TALAGANTE,136,13604
13578,,13578,METROPOLITANA DE SANTIAGO,13,11,906,460,446,792,397,395,114,63,51,PADRE HURTADO,TALAGANTE,136,13604
13579,,13579,METROPOLITANA DE SANTIAGO,13,12,846,416,430,733,361,372,113,55,58,PADRE HURTADO,TALAGANTE,136,13604
13580,,13580,METROPOLITANA DE SANTIAGO,13,13,859,427,432,744,369,375,115,58,57,PADRE HURTADO,TALAGANTE,136,13604
13581,,13581,METROPOLITANA DE SANTIAGO,13,14,956,499,457,824,427,397,132,72,60,PADRE HURTADO,TALAGANTE,136,13604
13582,,13582,METROPOLITANA DE SANTIAGO,13,15,924,470,454,830,416,414,94,54,40,PADRE HURTADO,TALAGANTE,136,13604
13583,,13583,METROPOLITANA DE SANTIAGO,13,16,925,474,451,806,406,400,119,68,51,PADRE HURTADO,TALAGANTE,136,13604
13584,,13584,METROPOLITANA DE SANTIAGO,13,17,920,480,440,807,419,388,113,61,52,PADRE HURTADO,TALAGANTE,136,13604
13585,,13585,METROPOLITANA DE SANTIAGO,13,18,924,460,464,793,392,401,131,68,63,PADRE HURTADO,TALAGANTE,136,13604
13586,,13586,METROPOLITANA DE SANTIAGO,13,19,931,459,472,825,403,422,106,56,50,PADRE HURTADO,TALAGANTE,136,13604
13587,,13587,METROPOLITANA DE SANTIAGO,13,20,970,484,486,856,418,438,114,66,48,PADRE HURTADO,TALAGANTE,136,13604
13588,,13588,METROPOLITANA DE SANTIAGO,13,21,1003,496,507,862,424,438,141,72,69,PADRE HURTADO,TALAGANTE,136,13604
13589,,13589,METROPOLITANA DE SANTIAGO,13,22,1020,519,501,914,463,451,106,56,50,PADRE HURTADO,TALAGANTE,136,13604
13590,,13590,METROPOLITANA DE SANTIAGO,13,23,966,471,495,858,424,434,108,47,61,PADRE HURTADO,TALAGANTE,136,13604
13591,,13591,METROPOLITANA DE SANTIAGO,13,24,996,511,485,878,452,426,118,59,59,PADRE HURTADO,TALAGANTE,136,13604
13592,,13592,METROPOLITANA DE SANTIAGO,13,25,1014,510,504,894,447,447,120,63,57,PADRE HURTADO,TALAGANTE,136,13604
13593,,13593,METROPOLITANA DE SANTIAGO,13,26,1111,538,573,983,464,519,128,74,54,PADRE HURTADO,TALAGANTE,136,13604
13594,,13594,METROPOLITANA DE SANTIAGO,13,27,1139,558,581,1019,499,520,120,59,61,PADRE HURTADO,TALAGANTE,136,13604
13595,,13595,METROPOLITANA DE SANTIAGO,13,28,1138,566,572,1043,516,527,95,50,45,PADRE HURTADO,TALAGANTE,136,13604
13596,,13596,METROPOLITANA DE SANTIAGO,13,29,1089,546,543,985,491,494,104,55,49,PADRE HURTADO,TALAGANTE,136,13604
13597,,13597,METROPOLITANA DE SANTIAGO,13,30,1100,529,571,987,476,511,113,53,60,PADRE HURTADO,TALAGANTE,136,13604
13598,,13598,METROPOLITANA DE SANTIAGO,13,31,1087,530,557,993,472,521,94,58,36,PADRE HURTADO,TALAGANTE,136,13604
13599,,13599,METROPOLITANA DE SANTIAGO,13,32,989,509,480,902,470,432,87,39,48,PADRE HURTADO,TALAGANTE,136,13604
13600,,13600,METROPOLITANA DE SANTIAGO,13,33,973,489,484,884,447,437,89,42,47,PADRE HURTADO,TALAGANTE,136,13604
13601,,13601,METROPOLITANA DE SANTIAGO,13,34,988,486,502,895,445,450,93,41,52,PADRE HURTADO,TALAGANTE,136,13604
13602,,13602,METROPOLITANA DE SANTIAGO,13,35,995,494,501,910,459,451,85,35,50,PADRE HURTADO,TALAGANTE,136,13604
13603,,13603,METROPOLITANA DE SANTIAGO,13,36,955,484,471,870,440,430,85,44,41,PADRE HURTADO,TALAGANTE,136,13604
13604,,13604,METROPOLITANA DE SANTIAGO,13,37,902,458,444,812,413,399,90,45,45,PADRE HURTADO,TALAGANTE,136,13604
13605,,13605,METROPOLITANA DE SANTIAGO,13,38,896,457,439,782,399,383,114,58,56,PADRE HURTADO,TALAGANTE,136,13604
13606,,13606,METROPOLITANA DE SANTIAGO,13,39,831,412,419,755,369,386,76,43,33,PADRE HURTADO,TALAGANTE,136,13604
13607,,13607,METROPOLITANA DE SANTIAGO,13,40,852,414,438,738,358,380,114,56,58,PADRE HURTADO,TALAGANTE,136,13604
13608,,13608,METROPOLITANA DE SANTIAGO,13,41,907,475,432,809,426,383,98,49,49,PADRE HURTADO,TALAGANTE,136,13604
13609,,13609,METROPOLITANA DE SANTIAGO,13,42,921,468,453,815,414,401,106,54,52,PADRE HURTADO,TALAGANTE,136,13604
13610,,13610,METROPOLITANA DE SANTIAGO,13,43,905,478,427,779,410,369,126,68,58,PADRE HURTADO,TALAGANTE,136,13604
13611,,13611,METROPOLITANA DE SANTIAGO,13,44,886,439,447,775,382,393,111,57,54,PADRE HURTADO,TALAGANTE,136,13604
13612,,13612,METROPOLITANA DE SANTIAGO,13,45,860,410,450,759,355,404,101,55,46,PADRE HURTADO,TALAGANTE,136,13604
13613,,13613,METROPOLITANA DE SANTIAGO,13,46,834,420,414,726,367,359,108,53,55,PADRE HURTADO,TALAGANTE,136,13604
13614,,13614,METROPOLITANA DE SANTIAGO,13,47,767,362,405,649,311,338,118,51,67,PADRE HURTADO,TALAGANTE,136,13604
13615,,13615,METROPOLITANA DE SANTIAGO,13,48,770,388,382,667,339,328,103,49,54,PADRE HURTADO,TALAGANTE,136,13604
13616,,13616,METROPOLITANA DE SANTIAGO,13,49,821,413,408,713,355,358,108,58,50,PADRE HURTADO,TALAGANTE,136,13604
13617,,13617,METROPOLITANA DE SANTIAGO,13,50,907,443,464,794,386,408,113,57,56,PADRE HURTADO,TALAGANTE,136,13604
13618,,13618,METROPOLITANA DE SANTIAGO,13,51,855,391,464,739,331,408,116,60,56,PADRE HURTADO,TALAGANTE,136,13604
13619,,13619,METROPOLITANA DE SANTIAGO,13,52,853,411,442,729,347,382,124,64,60,PADRE HURTADO,TALAGANTE,136,13604
13620,,13620,METROPOLITANA DE SANTIAGO,13,53,813,406,407,704,347,357,109,59,50,PADRE HURTADO,TALAGANTE,136,13604
13621,,13621,METROPOLITANA DE SANTIAGO,13,54,815,403,412,709,352,357,106,51,55,PADRE HURTADO,TALAGANTE,136,13604
13622,,13622,METROPOLITANA DE SANTIAGO,13,55,776,378,398,653,307,346,123,71,52,PADRE HURTADO,TALAGANTE,136,13604
13623,,13623,METROPOLITANA DE SANTIAGO,13,56,656,309,347,568,261,307,88,48,40,PADRE HURTADO,TALAGANTE,136,13604
13624,,13624,METROPOLITANA DE SANTIAGO,13,57,656,323,333,555,274,281,101,49,52,PADRE HURTADO,TALAGANTE,136,13604
13625,,13625,METROPOLITANA DE SANTIAGO,13,58,628,302,326,537,257,280,91,45,46,PADRE HURTADO,TALAGANTE,136,13604
13626,,13626,METROPOLITANA DE SANTIAGO,13,59,603,312,291,514,265,249,89,47,42,PADRE HURTADO,TALAGANTE,136,13604
13627,,13627,METROPOLITANA DE SANTIAGO,13,60,573,276,297,491,224,267,82,52,30,PADRE HURTADO,TALAGANTE,136,13604
13628,,13628,METROPOLITANA DE SANTIAGO,13,61,555,265,290,469,220,249,86,45,41,PADRE HURTADO,TALAGANTE,136,13604
13629,,13629,METROPOLITANA DE SANTIAGO,13,62,456,231,225,402,199,203,54,32,22,PADRE HURTADO,TALAGANTE,136,13604
13630,,13630,METROPOLITANA DE SANTIAGO,13,63,503,250,253,449,217,232,54,33,21,PADRE HURTADO,TALAGANTE,136,13604
13631,,13631,METROPOLITANA DE SANTIAGO,13,64,488,205,283,415,166,249,73,39,34,PADRE HURTADO,TALAGANTE,136,13604
13632,,13632,METROPOLITANA DE SANTIAGO,13,65,465,233,232,404,201,203,61,32,29,PADRE HURTADO,TALAGANTE,136,13604
13633,,13633,METROPOLITANA DE SANTIAGO,13,66,419,183,236,360,154,206,59,29,30,PADRE HURTADO,TALAGANTE,136,13604
13634,,13634,METROPOLITANA DE SANTIAGO,13,67,425,200,225,366,174,192,59,26,33,PADRE HURTADO,TALAGANTE,136,13604
13635,,13635,METROPOLITANA DE SANTIAGO,13,68,371,173,198,334,154,180,37,19,18,PADRE HURTADO,TALAGANTE,136,13604
13636,,13636,METROPOLITANA DE SANTIAGO,13,69,340,171,169,274,133,141,66,38,28,PADRE HURTADO,TALAGANTE,136,13604
13637,,13637,METROPOLITANA DE SANTIAGO,13,70,312,132,180,265,112,153,47,20,27,PADRE HURTADO,TALAGANTE,136,13604
13638,,13638,METROPOLITANA DE SANTIAGO,13,71,297,135,162,254,116,138,43,19,24,PADRE HURTADO,TALAGANTE,136,13604
13639,,13639,METROPOLITANA DE SANTIAGO,13,72,306,148,158,271,128,143,35,20,15,PADRE HURTADO,TALAGANTE,136,13604
13640,,13640,METROPOLITANA DE SANTIAGO,13,73,273,129,144,236,113,123,37,16,21,PADRE HURTADO,TALAGANTE,136,13604
13641,,13641,METROPOLITANA DE SANTIAGO,13,74,268,110,158,240,101,139,28,9,19,PADRE HURTADO,TALAGANTE,136,13604
13642,,13642,METROPOLITANA DE SANTIAGO,13,75,222,122,100,195,104,91,27,18,9,PADRE HURTADO,TALAGANTE,136,13604
13643,,13643,METROPOLITANA DE SANTIAGO,13,76,237,111,126,212,98,114,25,13,12,PADRE HURTADO,TALAGANTE,136,13604
13644,,13644,METROPOLITANA DE SANTIAGO,13,77,191,100,91,160,77,83,31,23,8,PADRE HURTADO,TALAGANTE,136,13604
13645,,13645,METROPOLITANA DE SANTIAGO,13,78,193,87,106,172,78,94,21,9,12,PADRE HURTADO,TALAGANTE,136,13604
13646,,13646,METROPOLITANA DE SANTIAGO,13,79,168,83,85,141,64,77,27,19,8,PADRE HURTADO,TALAGANTE,136,13604
13647,,13647,METROPOLITANA DE SANTIAGO,13,80,123,58,65,114,54,60,9,4,5,PADRE HURTADO,TALAGANTE,136,13604
13648,,13648,METROPOLITANA DE SANTIAGO,13,81,160,55,105,136,44,92,24,11,13,PADRE HURTADO,TALAGANTE,136,13604
13649,,13649,METROPOLITANA DE SANTIAGO,13,82,106,41,65,95,37,58,11,4,7,PADRE HURTADO,TALAGANTE,136,13604
13650,,13650,METROPOLITANA DE SANTIAGO,13,83,107,44,63,92,41,51,15,3,12,PADRE HURTADO,TALAGANTE,136,13604
13651,,13651,METROPOLITANA DE SANTIAGO,13,84,99,40,59,88,34,54,11,6,5,PADRE HURTADO,TALAGANTE,136,13604
13652,,13652,METROPOLITANA DE SANTIAGO,13,85,89,45,44,81,41,40,8,4,4,PADRE HURTADO,TALAGANTE,136,13604
13653,,13653,METROPOLITANA DE SANTIAGO,13,86,96,32,64,82,23,59,14,9,5,PADRE HURTADO,TALAGANTE,136,13604
13654,,13654,METROPOLITANA DE SANTIAGO,13,87,60,24,36,53,21,32,7,3,4,PADRE HURTADO,TALAGANTE,136,13604
13655,,13655,METROPOLITANA DE SANTIAGO,13,88,44,19,25,40,16,24,4,3,1,PADRE HURTADO,TALAGANTE,136,13604
13656,,13656,METROPOLITANA DE SANTIAGO,13,89,55,20,35,49,19,30,6,1,5,PADRE HURTADO,TALAGANTE,136,13604
13657,,13657,METROPOLITANA DE SANTIAGO,13,90,33,10,23,31,10,21,2,0,2,PADRE HURTADO,TALAGANTE,136,13604
13658,,13658,METROPOLITANA DE SANTIAGO,13,91,20,6,14,16,5,11,4,1,3,PADRE HURTADO,TALAGANTE,136,13604
13659,,13659,METROPOLITANA DE SANTIAGO,13,92,24,8,16,22,7,15,2,1,1,PADRE HURTADO,TALAGANTE,136,13604
13660,,13660,METROPOLITANA DE SANTIAGO,13,93,18,5,13,17,4,13,1,1,0,PADRE HURTADO,TALAGANTE,136,13604
13661,,13661,METROPOLITANA DE SANTIAGO,13,94,18,5,13,17,5,12,1,0,1,PADRE HURTADO,TALAGANTE,136,13604
13662,,13662,METROPOLITANA DE SANTIAGO,13,95,7,4,3,7,4,3,0,0,0,PADRE HURTADO,TALAGANTE,136,13604
13663,,13663,METROPOLITANA DE SANTIAGO,13,96,10,2,8,8,1,7,2,1,1,PADRE HURTADO,TALAGANTE,136,13604
13664,,13664,METROPOLITANA DE SANTIAGO,13,97,4,0,4,4,0,4,0,0,0,PADRE HURTADO,TALAGANTE,136,13604
13665,,13665,METROPOLITANA DE SANTIAGO,13,98,9,4,5,9,4,5,0,0,0,PADRE HURTADO,TALAGANTE,136,13604
13666,,13666,METROPOLITANA DE SANTIAGO,13,99,2,0,2,2,0,2,0,0,0,PADRE HURTADO,TALAGANTE,136,13604
13667,,13667,METROPOLITANA DE SANTIAGO,13,100 o más,25,8,17,24,8,16,1,0,1,PADRE HURTADO,TALAGANTE,136,13604
13668,,13668,METROPOLITANA DE SANTIAGO,13,Total Comuna,90201,43944,46257,83064,40372,42692,7137,3572,3565,PEÑAFLOR,TALAGANTE,136,13605
13669,,13669,METROPOLITANA DE SANTIAGO,13,0,1208,597,611,1129,553,576,79,44,35,PEÑAFLOR,TALAGANTE,136,13605
13670,,13670,METROPOLITANA DE SANTIAGO,13,1,1382,755,627,1293,704,589,89,51,38,PEÑAFLOR,TALAGANTE,136,13605
13671,,13671,METROPOLITANA DE SANTIAGO,13,2,1319,664,655,1232,616,616,87,48,39,PEÑAFLOR,TALAGANTE,136,13605
13672,,13672,METROPOLITANA DE SANTIAGO,13,3,1258,638,620,1168,595,573,90,43,47,PEÑAFLOR,TALAGANTE,136,13605
13673,,13673,METROPOLITANA DE SANTIAGO,13,4,1388,698,690,1278,648,630,110,50,60,PEÑAFLOR,TALAGANTE,136,13605
13674,,13674,METROPOLITANA DE SANTIAGO,13,5,1328,675,653,1200,612,588,128,63,65,PEÑAFLOR,TALAGANTE,136,13605
13675,,13675,METROPOLITANA DE SANTIAGO,13,6,1405,700,705,1286,649,637,119,51,68,PEÑAFLOR,TALAGANTE,136,13605
13676,,13676,METROPOLITANA DE SANTIAGO,13,7,1357,703,654,1248,655,593,109,48,61,PEÑAFLOR,TALAGANTE,136,13605
13677,,13677,METROPOLITANA DE SANTIAGO,13,8,1384,692,692,1284,645,639,100,47,53,PEÑAFLOR,TALAGANTE,136,13605
13678,,13678,METROPOLITANA DE SANTIAGO,13,9,1315,672,643,1218,616,602,97,56,41,PEÑAFLOR,TALAGANTE,136,13605
13679,,13679,METROPOLITANA DE SANTIAGO,13,10,1303,683,620,1196,624,572,107,59,48,PEÑAFLOR,TALAGANTE,136,13605
13680,,13680,METROPOLITANA DE SANTIAGO,13,11,1256,625,631,1147,568,579,109,57,52,PEÑAFLOR,TALAGANTE,136,13605
13681,,13681,METROPOLITANA DE SANTIAGO,13,12,1358,711,647,1255,657,598,103,54,49,PEÑAFLOR,TALAGANTE,136,13605
13682,,13682,METROPOLITANA DE SANTIAGO,13,13,1278,630,648,1149,560,589,129,70,59,PEÑAFLOR,TALAGANTE,136,13605
13683,,13683,METROPOLITANA DE SANTIAGO,13,14,1373,715,658,1273,659,614,100,56,44,PEÑAFLOR,TALAGANTE,136,13605
13684,,13684,METROPOLITANA DE SANTIAGO,13,15,1249,645,604,1153,600,553,96,45,51,PEÑAFLOR,TALAGANTE,136,13605
13685,,13685,METROPOLITANA DE SANTIAGO,13,16,1438,759,679,1319,695,624,119,64,55,PEÑAFLOR,TALAGANTE,136,13605
13686,,13686,METROPOLITANA DE SANTIAGO,13,17,1424,738,686,1281,675,606,143,63,80,PEÑAFLOR,TALAGANTE,136,13605
13687,,13687,METROPOLITANA DE SANTIAGO,13,18,1357,657,700,1260,610,650,97,47,50,PEÑAFLOR,TALAGANTE,136,13605
13688,,13688,METROPOLITANA DE SANTIAGO,13,19,1323,666,657,1207,606,601,116,60,56,PEÑAFLOR,TALAGANTE,136,13605
13689,,13689,METROPOLITANA DE SANTIAGO,13,20,1385,715,670,1289,671,618,96,44,52,PEÑAFLOR,TALAGANTE,136,13605
13690,,13690,METROPOLITANA DE SANTIAGO,13,21,1509,777,732,1398,720,678,111,57,54,PEÑAFLOR,TALAGANTE,136,13605
13691,,13691,METROPOLITANA DE SANTIAGO,13,22,1539,757,782,1424,706,718,115,51,64,PEÑAFLOR,TALAGANTE,136,13605
13692,,13692,METROPOLITANA DE SANTIAGO,13,23,1464,737,727,1359,677,682,105,60,45,PEÑAFLOR,TALAGANTE,136,13605
13693,,13693,METROPOLITANA DE SANTIAGO,13,24,1383,695,688,1271,639,632,112,56,56,PEÑAFLOR,TALAGANTE,136,13605
13694,,13694,METROPOLITANA DE SANTIAGO,13,25,1398,691,707,1306,644,662,92,47,45,PEÑAFLOR,TALAGANTE,136,13605
13695,,13695,METROPOLITANA DE SANTIAGO,13,26,1480,756,724,1400,720,680,80,36,44,PEÑAFLOR,TALAGANTE,136,13605
13696,,13696,METROPOLITANA DE SANTIAGO,13,27,1446,704,742,1339,654,685,107,50,57,PEÑAFLOR,TALAGANTE,136,13605
13697,,13697,METROPOLITANA DE SANTIAGO,13,28,1402,692,710,1311,644,667,91,48,43,PEÑAFLOR,TALAGANTE,136,13605
13698,,13698,METROPOLITANA DE SANTIAGO,13,29,1336,655,681,1262,623,639,74,32,42,PEÑAFLOR,TALAGANTE,136,13605
13699,,13699,METROPOLITANA DE SANTIAGO,13,30,1261,624,637,1181,583,598,80,41,39,PEÑAFLOR,TALAGANTE,136,13605
13700,,13700,METROPOLITANA DE SANTIAGO,13,31,1212,567,645,1138,526,612,74,41,33,PEÑAFLOR,TALAGANTE,136,13605
13701,,13701,METROPOLITANA DE SANTIAGO,13,32,1183,593,590,1118,564,554,65,29,36,PEÑAFLOR,TALAGANTE,136,13605
13702,,13702,METROPOLITANA DE SANTIAGO,13,33,1109,544,565,1039,504,535,70,40,30,PEÑAFLOR,TALAGANTE,136,13605
13703,,13703,METROPOLITANA DE SANTIAGO,13,34,1190,560,630,1128,538,590,62,22,40,PEÑAFLOR,TALAGANTE,136,13605
13704,,13704,METROPOLITANA DE SANTIAGO,13,35,1264,605,659,1178,557,621,86,48,38,PEÑAFLOR,TALAGANTE,136,13605
13705,,13705,METROPOLITANA DE SANTIAGO,13,36,1184,570,614,1123,537,586,61,33,28,PEÑAFLOR,TALAGANTE,136,13605
13706,,13706,METROPOLITANA DE SANTIAGO,13,37,1251,602,649,1143,547,596,108,55,53,PEÑAFLOR,TALAGANTE,136,13605
13707,,13707,METROPOLITANA DE SANTIAGO,13,38,1193,552,641,1101,511,590,92,41,51,PEÑAFLOR,TALAGANTE,136,13605
13708,,13708,METROPOLITANA DE SANTIAGO,13,39,1184,570,614,1090,530,560,94,40,54,PEÑAFLOR,TALAGANTE,136,13605
13709,,13709,METROPOLITANA DE SANTIAGO,13,40,1277,578,699,1182,527,655,95,51,44,PEÑAFLOR,TALAGANTE,136,13605
13710,,13710,METROPOLITANA DE SANTIAGO,13,41,1375,670,705,1271,618,653,104,52,52,PEÑAFLOR,TALAGANTE,136,13605
13711,,13711,METROPOLITANA DE SANTIAGO,13,42,1339,629,710,1218,578,640,121,51,70,PEÑAFLOR,TALAGANTE,136,13605
13712,,13712,METROPOLITANA DE SANTIAGO,13,43,1390,657,733,1274,605,669,116,52,64,PEÑAFLOR,TALAGANTE,136,13605
13713,,13713,METROPOLITANA DE SANTIAGO,13,44,1396,707,689,1270,640,630,126,67,59,PEÑAFLOR,TALAGANTE,136,13605
13714,,13714,METROPOLITANA DE SANTIAGO,13,45,1413,701,712,1280,632,648,133,69,64,PEÑAFLOR,TALAGANTE,136,13605
13715,,13715,METROPOLITANA DE SANTIAGO,13,46,1250,625,625,1145,575,570,105,50,55,PEÑAFLOR,TALAGANTE,136,13605
13716,,13716,METROPOLITANA DE SANTIAGO,13,47,1250,623,627,1124,556,568,126,67,59,PEÑAFLOR,TALAGANTE,136,13605
13717,,13717,METROPOLITANA DE SANTIAGO,13,48,1231,614,617,1125,563,562,106,51,55,PEÑAFLOR,TALAGANTE,136,13605
13718,,13718,METROPOLITANA DE SANTIAGO,13,49,1277,640,637,1174,583,591,103,57,46,PEÑAFLOR,TALAGANTE,136,13605
13719,,13719,METROPOLITANA DE SANTIAGO,13,50,1212,534,678,1111,489,622,101,45,56,PEÑAFLOR,TALAGANTE,136,13605
13720,,13720,METROPOLITANA DE SANTIAGO,13,51,1189,590,599,1094,534,560,95,56,39,PEÑAFLOR,TALAGANTE,136,13605
13721,,13721,METROPOLITANA DE SANTIAGO,13,52,1198,552,646,1088,499,589,110,53,57,PEÑAFLOR,TALAGANTE,136,13605
13722,,13722,METROPOLITANA DE SANTIAGO,13,53,1193,590,603,1084,529,555,109,61,48,PEÑAFLOR,TALAGANTE,136,13605
13723,,13723,METROPOLITANA DE SANTIAGO,13,54,1243,584,659,1114,520,594,129,64,65,PEÑAFLOR,TALAGANTE,136,13605
13724,,13724,METROPOLITANA DE SANTIAGO,13,55,1114,521,593,1028,484,544,86,37,49,PEÑAFLOR,TALAGANTE,136,13605
13725,,13725,METROPOLITANA DE SANTIAGO,13,56,1087,502,585,998,457,541,89,45,44,PEÑAFLOR,TALAGANTE,136,13605
13726,,13726,METROPOLITANA DE SANTIAGO,13,57,985,490,495,897,439,458,88,51,37,PEÑAFLOR,TALAGANTE,136,13605
13727,,13727,METROPOLITANA DE SANTIAGO,13,58,981,473,508,887,420,467,94,53,41,PEÑAFLOR,TALAGANTE,136,13605
13728,,13728,METROPOLITANA DE SANTIAGO,13,59,897,397,500,818,368,450,79,29,50,PEÑAFLOR,TALAGANTE,136,13605
13729,,13729,METROPOLITANA DE SANTIAGO,13,60,863,394,469,787,354,433,76,40,36,PEÑAFLOR,TALAGANTE,136,13605
13730,,13730,METROPOLITANA DE SANTIAGO,13,61,820,368,452,737,328,409,83,40,43,PEÑAFLOR,TALAGANTE,136,13605
13731,,13731,METROPOLITANA DE SANTIAGO,13,62,799,356,443,721,320,401,78,36,42,PEÑAFLOR,TALAGANTE,136,13605
13732,,13732,METROPOLITANA DE SANTIAGO,13,63,720,335,385,645,291,354,75,44,31,PEÑAFLOR,TALAGANTE,136,13605
13733,,13733,METROPOLITANA DE SANTIAGO,13,64,674,305,369,617,282,335,57,23,34,PEÑAFLOR,TALAGANTE,136,13605
13734,,13734,METROPOLITANA DE SANTIAGO,13,65,652,320,332,583,283,300,69,37,32,PEÑAFLOR,TALAGANTE,136,13605
13735,,13735,METROPOLITANA DE SANTIAGO,13,66,631,282,349,580,258,322,51,24,27,PEÑAFLOR,TALAGANTE,136,13605
13736,,13736,METROPOLITANA DE SANTIAGO,13,67,621,295,326,572,261,311,49,34,15,PEÑAFLOR,TALAGANTE,136,13605
13737,,13737,METROPOLITANA DE SANTIAGO,13,68,610,301,309,554,276,278,56,25,31,PEÑAFLOR,TALAGANTE,136,13605
13738,,13738,METROPOLITANA DE SANTIAGO,13,69,560,244,316,525,230,295,35,14,21,PEÑAFLOR,TALAGANTE,136,13605
13739,,13739,METROPOLITANA DE SANTIAGO,13,70,566,265,301,504,230,274,62,35,27,PEÑAFLOR,TALAGANTE,136,13605
13740,,13740,METROPOLITANA DE SANTIAGO,13,71,484,216,268,443,194,249,41,22,19,PEÑAFLOR,TALAGANTE,136,13605
13741,,13741,METROPOLITANA DE SANTIAGO,13,72,447,190,257,412,169,243,35,21,14,PEÑAFLOR,TALAGANTE,136,13605
13742,,13742,METROPOLITANA DE SANTIAGO,13,73,424,193,231,384,170,214,40,23,17,PEÑAFLOR,TALAGANTE,136,13605
13743,,13743,METROPOLITANA DE SANTIAGO,13,74,437,193,244,403,171,232,34,22,12,PEÑAFLOR,TALAGANTE,136,13605
13744,,13744,METROPOLITANA DE SANTIAGO,13,75,403,171,232,377,159,218,26,12,14,PEÑAFLOR,TALAGANTE,136,13605
13745,,13745,METROPOLITANA DE SANTIAGO,13,76,382,176,206,358,162,196,24,14,10,PEÑAFLOR,TALAGANTE,136,13605
13746,,13746,METROPOLITANA DE SANTIAGO,13,77,332,163,169,299,146,153,33,17,16,PEÑAFLOR,TALAGANTE,136,13605
13747,,13747,METROPOLITANA DE SANTIAGO,13,78,273,113,160,249,99,150,24,14,10,PEÑAFLOR,TALAGANTE,136,13605
13748,,13748,METROPOLITANA DE SANTIAGO,13,79,245,96,149,226,93,133,19,3,16,PEÑAFLOR,TALAGANTE,136,13605
13749,,13749,METROPOLITANA DE SANTIAGO,13,80,206,92,114,195,86,109,11,6,5,PEÑAFLOR,TALAGANTE,136,13605
13750,,13750,METROPOLITANA DE SANTIAGO,13,81,214,90,124,198,81,117,16,9,7,PEÑAFLOR,TALAGANTE,136,13605
13751,,13751,METROPOLITANA DE SANTIAGO,13,82,204,83,121,188,79,109,16,4,12,PEÑAFLOR,TALAGANTE,136,13605
13752,,13752,METROPOLITANA DE SANTIAGO,13,83,165,71,94,146,60,86,19,11,8,PEÑAFLOR,TALAGANTE,136,13605
13753,,13753,METROPOLITANA DE SANTIAGO,13,84,172,58,114,151,47,104,21,11,10,PEÑAFLOR,TALAGANTE,136,13605
13754,,13754,METROPOLITANA DE SANTIAGO,13,85,142,50,92,135,45,90,7,5,2,PEÑAFLOR,TALAGANTE,136,13605
13755,,13755,METROPOLITANA DE SANTIAGO,13,86,136,52,84,124,50,74,12,2,10,PEÑAFLOR,TALAGANTE,136,13605
13756,,13756,METROPOLITANA DE SANTIAGO,13,87,122,40,82,113,37,76,9,3,6,PEÑAFLOR,TALAGANTE,136,13605
13757,,13757,METROPOLITANA DE SANTIAGO,13,88,108,40,68,99,37,62,9,3,6,PEÑAFLOR,TALAGANTE,136,13605
13758,,13758,METROPOLITANA DE SANTIAGO,13,89,79,23,56,72,21,51,7,2,5,PEÑAFLOR,TALAGANTE,136,13605
13759,,13759,METROPOLITANA DE SANTIAGO,13,90,74,23,51,68,21,47,6,2,4,PEÑAFLOR,TALAGANTE,136,13605
13760,,13760,METROPOLITANA DE SANTIAGO,13,91,51,14,37,48,14,34,3,0,3,PEÑAFLOR,TALAGANTE,136,13605
13761,,13761,METROPOLITANA DE SANTIAGO,13,92,60,15,45,55,14,41,5,1,4,PEÑAFLOR,TALAGANTE,136,13605
13762,,13762,METROPOLITANA DE SANTIAGO,13,93,46,14,32,44,13,31,2,1,1,PEÑAFLOR,TALAGANTE,136,13605
13763,,13763,METROPOLITANA DE SANTIAGO,13,94,31,12,19,30,12,18,1,0,1,PEÑAFLOR,TALAGANTE,136,13605
13764,,13764,METROPOLITANA DE SANTIAGO,13,95,19,5,14,16,4,12,3,1,2,PEÑAFLOR,TALAGANTE,136,13605
13765,,13765,METROPOLITANA DE SANTIAGO,13,96,13,4,9,12,4,8,1,0,1,PEÑAFLOR,TALAGANTE,136,13605
13766,,13766,METROPOLITANA DE SANTIAGO,13,97,13,4,9,12,3,9,1,1,0,PEÑAFLOR,TALAGANTE,136,13605
13767,,13767,METROPOLITANA DE SANTIAGO,13,98,10,5,5,8,4,4,2,1,1,PEÑAFLOR,TALAGANTE,136,13605
13768,,13768,METROPOLITANA DE SANTIAGO,13,99,3,1,2,3,1,2,0,0,0,PEÑAFLOR,TALAGANTE,136,13605
13769,,13769,METROPOLITANA DE SANTIAGO,13,100 o más,17,6,11,15,5,10,2,1,1,PEÑAFLOR,TALAGANTE,136,13605
